0.5 9.846275e+03 9.871208e+03 9.865146e+03 9.840214e+03
1.5 9.842775e+03 9.834583e+03 9.859446e+03 9.867638e+03
2.5 9.760061e+03 9.848205e+03 9.851696e+03 9.763551e+03
3.5 9.906269e+03 9.861404e+03 9.862467e+03 9.907332e+03
4.5 9.806495e+03 9.832352e+03 9.858395e+03 9.832538e+03
5.5 9.917739e+03 9.848094e+03 9.854043e+03 9.923688e+03
6.5 9.847438e+03 9.850350e+03 9.862525e+03 9.859612e+03
7.5 9.777414e+03 9.828268e+03 9.856723e+03 9.805869e+03
0.6 9.906269e+03 9.861404e+03 9.862467e+03 9.907332e+03
1.6 9.806495e+03 9.832352e+03 9.858395e+03 9.832538e+03
2.6 9.917739e+03 9.848094e+03 9.854043e+03 9.923688e+03
3.6 9.847438e+03 9.850350e+03 9.862525e+03 9.859612e+03
4.6 9.777414e+03 9.828268e+03 9.856723e+03 9.805869e+03
5.6 9.906250e+03 9.847845e+03 9.852161e+03 9.910566e+03
6.6 9.960152e+03 9.902300e+03 9.857190e+03 9.915042e+03
7.6 9.904958e+03 9.897822e+03 9.858681e+03 9.865818e+03
0.7 9.847438e+03 9.850350e+03 9.862525e+03 9.859612e+03
1.7 9.777414e+03 9.828268e+03 9.856723e+03 9.805869e+03
2.7 9.906250e+03 9.847845e+03 9.852161e+03 9.910566e+03
3.7 9.960152e+03 9.902300e+03 9.857190e+03 9.915042e+03
4.7 9.904958e+03 9.897822e+03 9.858681e+03 9.865818e+03
5.7 9.729068e+03 9.849481e+03 9.864262e+03 9.743849e+03
6.7 9.854573e+03 9.818431e+03 9.862297e+03 9.898439e+03
7.7 9.813377e+03 9.838527e+03 9.852509e+03 9.827359e+03
1.0 9.854573e+03 9.818431e+03 9.862297e+03 9.898439e+03
2.0 9.813377e+03 9.838527e+03 9.852509e+03 9.827359e+03
3.0 9.934031e+03 9.907639e+03 9.853514e+03 9.879906e+03
4.0 9.834758e+03 9.850630e+03 9.857801e+03 9.841929e+03
5.0 9.924592e+03 9.869517e+03 9.858697e+03 9.913771e+03
6.0 9.889185e+03 9.905363e+03 9.858440e+03 9.842261e+03
7.0 9.842555e+03 9.922795e+03 9.858208e+03 9.777968e+03
8.0 9.853197e+03 9.898516e+03 9.858136e+03 9.812817e+03
1.0 9.876705e+03 9.818268e+03 9.863313e+03 9.921750e+03
2.0 9.830889e+03 9.805285e+03 9.859017e+03 9.884621e+03
3.0 9.807230e+03 9.799272e+03 9.853406e+03 9.861365e+03
4.0 9.883988e+03 9.830504e+03 9.850550e+03 9.904034e+03
5.0 9.918047e+03 9.876090e+03 9.856980e+03 9.898937e+03
6.0 9.868767e+03 9.901841e+03 9.858760e+03 9.825686e+03
7.0 9.795323e+03 9.839909e+03 9.858544e+03 9.813958e+03
8.0 9.843397e+03 9.831959e+03 9.858165e+03 9.869604e+03
0.6 9.830889e+03 9.805285e+03 9.859017e+03 9.884621e+03
1.6 9.807230e+03 9.799272e+03 9.853406e+03 9.861365e+03
2.6 9.883988e+03 9.830504e+03 9.850550e+03 9.904034e+03
3.6 9.918047e+03 9.876090e+03 9.856980e+03 9.898937e+03
4.6 9.868767e+03 9.901841e+03 9.858760e+03 9.825686e+03
5.6 9.795323e+03 9.839909e+03 9.858544e+03 9.813958e+03
6.6 9.843397e+03 9.831959e+03 9.858165e+03 9.869604e+03
7.6 9.750107e+03 9.836312e+03 9.858019e+03 9.771815e+03
0.9 9.863115e+03 9.839448e+03 9.862861e+03 9.886528e+03
1.9 9.844330e+03 9.811085e+03 9.854045e+03 9.887290e+03
2.9 9.868724e+03 9.840849e+03 9.858085e+03 9.885959e+03
3.9 9.807313e+03 9.830687e+03 9.862483e+03 9.839109e+03
4.9 9.827540e+03 9.831082e+03 9.859441e+03 9.855898e+03
5.9 9.829298e+03 9.825765e+03 9.860399e+03 9.863932e+03
6.9 9.804631e+03 9.819981e+03 9.853754e+03 9.838403e+03
7.9 9.841049e+03 9.869987e+03 9.850096e+03 9.821158e+03
1.0 9.807313e+03 9.830687e+03 9.862483e+03 9.839109e+03
2.0 9.827540e+03 9.831082e+03 9.859441e+03 9.855898e+03
3.0 9.829298e+03 9.825765e+03 9.860399e+03 9.863932e+03
4.0 9.804631e+03 9.819981e+03 9.853754e+03 9.838403e+03
5.0 9.841049e+03 9.869987e+03 9.850096e+03 9.821158e+03
6.0 9.857420e+03 9.920322e+03 9.862198e+03 9.799296e+03
7.0 9.957953e+03 9.832604e+03 9.865082e+03 9.990432e+03
8.0 9.853689e+03 9.817065e+03 9.856173e+03 9.892798e+03
0.6 9.827540e+03 9.831082e+03 9.859441e+03 9.855898e+03
1.6 9.829298e+03 9.825765e+03 9.860399e+03 9.863932e+03
2.6 9.804631e+03 9.819981e+03 9.853754e+03 9.838403e+03
3.6 9.841049e+03 9.869987e+03 9.850096e+03 9.821158e+03
4.6 9.857420e+03 9.920322e+03 9.862198e+03 9.799296e+03
5.6 9.957953e+03 9.832604e+03 9.865082e+03 9.990432e+03
6.6 9.853689e+03 9.817065e+03 9.856173e+03 9.892798e+03
7.6 9.843693e+03 9.824581e+03 9.851548e+03 9.870660e+03
0.2 9.829298e+03 9.825765e+03 9.860399e+03 9.863932e+03
1.2 9.804631e+03 9.819981e+03 9.853754e+03 9.838403e+03
2.2 9.841049e+03 9.869987e+03 9.850096e+03 9.821158e+03
3.2 9.857420e+03 9.920322e+03 9.862198e+03 9.799296e+03
4.2 9.957953e+03 9.832604e+03 9.865082e+03 9.990432e+03
5.2 9.853689e+03 9.817065e+03 9.856173e+03 9.892798e+03
6.2 9.843693e+03 9.824581e+03 9.851548e+03 9.870660e+03
7.2 9.787180e+03 9.855141e+03 9.858453e+03 9.790491e+03
0.3 9.857420e+03 9.920322e+03 9.862198e+03 9.799296e+03
1.3 9.957953e+03 9.832604e+03 9.865082e+03 9.990432e+03
2.3 9.853689e+03 9.817065e+03 9.856173e+03 9.892798e+03
3.3 9.843693e+03 9.824581e+03 9.851548e+03 9.870660e+03
4.3 9.787180e+03 9.855141e+03 9.858453e+03 9.790491e+03
5.3 9.871942e+03 9.838694e+03 9.863177e+03 9.896426e+03
6.3 9.819297e+03 9.835596e+03 9.859813e+03 9.843515e+03
7.3 9.843486e+03 9.822104e+03 9.853860e+03 9.875242e+03
0.9 9.853689e+03 9.817065e+03 9.856173e+03 9.892798e+03
1.9 9.843693e+03 9.824581e+03 9.851548e+03 9.870660e+03
2.9 9.787180e+03 9.855141e+03 9.858453e+03 9.790491e+03
3.9 9.871942e+03 9.838694e+03 9.863177e+03 9.896426e+03
4.9 9.819297e+03 9.835596e+03 9.859813e+03 9.843515e+03
5.9 9.843486e+03 9.822104e+03 9.853860e+03 9.875242e+03
6.9 9.870816e+03 9.844705e+03 9.850724e+03 9.876836e+03
7.9 9.925551e+03 9.856809e+03 9.857079e+03 9.925821e+03
1.0 9.871942e+03 9.838694e+03 9.863177e+03 9.896426e+03
2.0 9.819297e+03 9.835596e+03 9.859813e+03 9.843515e+03
3.0 9.843486e+03 9.822104e+03 9.853860e+03 9.875242e+03
4.0 9.870816e+03 9.844705e+03 9.850724e+03 9.876836e+03
5.0 9.925551e+03 9.856809e+03 9.857079e+03 9.925821e+03
6.0 9.946377e+03 9.856874e+03 9.858851e+03 9.948355e+03
7.0 9.829109e+03 9.859935e+03 9.858639e+03 9.827814e+03
8.0 9.949923e+03 9.904712e+03 9.858271e+03 9.903482e+03
0.6 9.819297e+03 9.835596e+03 9.859813e+03 9.843515e+03
1.6 9.843486e+03 9.822104e+03 9.853860e+03 9.875242e+03
2.6 9.870816e+03 9.844705e+03 9.850724e+03 9.876836e+03
3.6 9.925551e+03 9.856809e+03 9.857079e+03 9.925821e+03
4.6 9.946377e+03 9.856874e+03 9.858851e+03 9.948355e+03
5.6 9.829109e+03 9.859935e+03 9.858639e+03 9.827814e+03
6.6 9.949923e+03 9.904712e+03 9.858271e+03 9.903482e+03
7.6 9.905604e+03 9.900769e+03 9.858136e+03 9.862972e+03
0.2 9.787578e+03 9.922886e+03 9.864815e+03 9.729507e+03
1.2 9.828339e+03 9.824563e+03 9.863834e+03 9.867610e+03
2.2 9.851934e+03 9.814801e+03 9.856990e+03 9.894123e+03
3.2 9.742774e+03 9.816318e+03 9.852449e+03 9.778906e+03
4.2 9.774879e+03 9.847191e+03 9.855799e+03 9.783487e+03
5.2 9.870293e+03 9.840886e+03 9.862812e+03 9.892219e+03
6.2 9.883213e+03 9.833709e+03 9.862063e+03 9.911567e+03
7.2 9.823249e+03 9.821974e+03 9.854381e+03 9.855656e+03
0.7 9.851934e+03 9.814801e+03 9.856990e+03 9.894123e+03
1.7 9.742774e+03 9.816318e+03 9.852449e+03 9.778906e+03
2.7 9.774879e+03 9.847191e+03 9.855799e+03 9.783487e+03
3.7 9.870293e+03 9.840886e+03 9.862812e+03 9.892219e+03
4.7 9.883213e+03 9.833709e+03 9.862063e+03 9.911567e+03
5.7 9.823249e+03 9.821974e+03 9.854381e+03 9.855656e+03
6.7 9.912396e+03 9.902860e+03 9.849967e+03 9.859504e+03
7.7 9.844755e+03 9.887032e+03 9.856453e+03 9.814176e+03
0.9 9.870293e+03 9.840886e+03 9.862812e+03 9.892219e+03
1.9 9.883213e+03 9.833709e+03 9.862063e+03 9.911567e+03
2.9 9.823249e+03 9.821974e+03 9.854381e+03 9.855656e+03
3.9 9.912396e+03 9.902860e+03 9.849967e+03 9.859504e+03
4.9 9.844755e+03 9.887032e+03 9.856453e+03 9.814176e+03
5.9 9.846935e+03 9.853440e+03 9.865520e+03 9.859014e+03
6.9 9.817053e+03 9.819354e+03 9.864479e+03 9.862178e+03
7.9 9.748143e+03 9.819753e+03 9.857256e+03 9.785645e+03
0.5 9.883213e+03 9.833709e+03 9.862063e+03 9.911567e+03
1.5 9.823249e+03 9.821974e+03 9.854381e+03 9.855656e+03
2.5 9.912396e+03 9.902860e+03 9.849967e+03 9.859504e+03
3.5 9.844755e+03 9.887032e+03 9.856453e+03 9.814176e+03
4.5 9.846935e+03 9.853440e+03 9.865520e+03 9.859014e+03
5.5 9.817053e+03 9.819354e+03 9.864479e+03 9.862178e+03
6.5 9.748143e+03 9.819753e+03 9.857256e+03 9.785645e+03
7.5 9.838267e+03 9.817093e+03 9.852563e+03 9.873737e+03
0.2 9.846935e+03 9.853440e+03 9.865520e+03 9.859014e+03
1.2 9.817053e+03 9.819354e+03 9.864479e+03 9.862178e+03
2.2 9.748143e+03 9.819753e+03 9.857256e+03 9.785645e+03
3.2 9.838267e+03 9.817093e+03 9.852563e+03 9.873737e+03
4.2 9.814163e+03 9.844129e+03 9.855882e+03 9.825916e+03
5.2 9.804370e+03 9.836673e+03 9.862542e+03 9.830240e+03
6.2 9.848408e+03 9.835884e+03 9.855047e+03 9.867571e+03
7.2 9.904435e+03 9.923578e+03 9.853086e+03 9.833943e+03
0.7 9.748143e+03 9.819753e+03 9.857256e+03 9.785645e+03
1.7 9.838267e+03 9.817093e+03 9.852563e+03 9.873737e+03
2.7 9.814163e+03 9.844129e+03 9.855882e+03 9.825916e+03
3.7 9.804370e+03 9.836673e+03 9.862542e+03 9.830240e+03
4.7 9.848408e+03 9.835884e+03 9.855047e+03 9.867571e+03
5.7 9.904435e+03 9.923578e+03 9.853086e+03 9.833943e+03
6.7 9.989208e+03 9.922769e+03 9.857631e+03 9.924070e+03
7.7 9.951417e+03 9.894452e+03 9.858757e+03 9.915722e+03
0.9 9.804370e+03 9.836673e+03 9.862542e+03 9.830240e+03
1.9 9.848408e+03 9.835884e+03 9.855047e+03 9.867571e+03
2.9 9.904435e+03 9.923578e+03 9.853086e+03 9.833943e+03
3.9 9.989208e+03 9.922769e+03 9.857631e+03 9.924070e+03
4.9 9.951417e+03 9.894452e+03 9.858757e+03 9.915722e+03
5.9 9.940195e+03 9.911706e+03 9.858552e+03 9.887041e+03
6.9 9.872960e+03 9.912984e+03 9.858300e+03 9.818276e+03
7.9 9.826224e+03 9.855553e+03 9.858222e+03 9.828892e+03
0.9 9.909763e+03 9.824004e+03 9.863502e+03 9.949261e+03
1.9 9.795910e+03 9.818504e+03 9.861434e+03 9.838840e+03
2.9 9.742030e+03 9.801211e+03 9.854049e+03 9.794869e+03
3.9 9.772436e+03 9.824601e+03 9.851162e+03 9.798997e+03
4.9 9.847997e+03 9.838500e+03 9.863160e+03 9.872657e+03
5.9 9.677110e+03 9.816933e+03 9.858899e+03 9.719076e+03
6.9 9.943795e+03 9.897255e+03 9.851706e+03 9.898246e+03
7.9 9.907892e+03 9.856729e+03 9.856875e+03 9.908038e+03
0.5 9.795910e+03 9.818504e+03 9.861434e+03 9.838840e+03
1.5 9.742030e+03 9.801211e+03 9.854049e+03 9.794869e+03
2.5 9.772436e+03 9.824601e+03 9.851162e+03 9.798997e+03
3.5 9.847997e+03 9.838500e+03 9.863160e+03 9.872657e+03
4.5 9.677110e+03 9.816933e+03 9.858899e+03 9.719076e+03
5.5 9.943795e+03 9.897255e+03 9.851706e+03 9.898246e+03
6.5 9.907892e+03 9.856729e+03 9.856875e+03 9.908038e+03
7.5 9.833608e+03 9.833677e+03 9.858773e+03 9.858705e+03
0.6 9.847997e+03 9.838500e+03 9.863160e+03 9.872657e+03
1.6 9.677110e+03 9.816933e+03 9.858899e+03 9.719076e+03
2.6 9.943795e+03 9.897255e+03 9.851706e+03 9.898246e+03
3.6 9.907892e+03 9.856729e+03 9.856875e+03 9.908038e+03
4.6 9.833608e+03 9.833677e+03 9.858773e+03 9.858705e+03
5.6 9.968736e+03 9.905850e+03 9.858778e+03 9.921665e+03
6.6 9.860848e+03 9.890061e+03 9.858496e+03 9.829282e+03
7.6 9.883230e+03 9.874365e+03 9.858407e+03 9.867272e+03
