0.5 9.082647e+03 9.119210e+03 9.113161e+03 9.076598e+03
1.5 9.190504e+03 9.159632e+03 9.160144e+03 9.191015e+03
2.5 9.090804e+03 9.113634e+03 9.122473e+03 9.099642e+03
3.5 9.106676e+03 9.114814e+03 9.115531e+03 9.107392e+03
4.5 9.186956e+03 9.147260e+03 9.153025e+03 9.192721e+03
5.5 9.091557e+03 9.106512e+03 9.117534e+03 9.102579e+03
6.5 9.155270e+03 9.119962e+03 9.124802e+03 9.160111e+03
7.5 9.141567e+03 9.137159e+03 9.148455e+03 9.152863e+03
0.6 9.106676e+03 9.114814e+03 9.115531e+03 9.107392e+03
1.6 9.186956e+03 9.147260e+03 9.153025e+03 9.192721e+03
2.6 9.091557e+03 9.106512e+03 9.117534e+03 9.102579e+03
3.6 9.155270e+03 9.119962e+03 9.124802e+03 9.160111e+03
4.6 9.141567e+03 9.137159e+03 9.148455e+03 9.152863e+03
5.6 9.095086e+03 9.104641e+03 9.115158e+03 9.105602e+03
6.6 9.144508e+03 9.135930e+03 9.107113e+03 9.115691e+03
7.6 9.162294e+03 9.131080e+03 9.108931e+03 9.140145e+03
0.7 9.155270e+03 9.119962e+03 9.124802e+03 9.160111e+03
1.7 9.141567e+03 9.137159e+03 9.148455e+03 9.152863e+03
2.7 9.095086e+03 9.104641e+03 9.115158e+03 9.105602e+03
3.7 9.144508e+03 9.135930e+03 9.107113e+03 9.115691e+03
4.7 9.162294e+03 9.131080e+03 9.108931e+03 9.140145e+03
5.7 9.079882e+03 9.096854e+03 9.111282e+03 9.094309e+03
6.7 9.156401e+03 9.135704e+03 9.152020e+03 9.172717e+03
7.7 9.090374e+03 9.136394e+03 9.140515e+03 9.094494e+03
1.0 9.156401e+03 9.135704e+03 9.152020e+03 9.172717e+03
2.0 9.090374e+03 9.136394e+03 9.140515e+03 9.094494e+03
3.0 9.145327e+03 9.146229e+03 9.113013e+03 9.112111e+03
4.0 9.077217e+03 9.093648e+03 9.108618e+03 9.092186e+03
5.0 9.137540e+03 9.116205e+03 9.111041e+03 9.132376e+03
6.0 9.115607e+03 9.147444e+03 9.112884e+03 9.081048e+03
7.0 9.160715e+03 9.159415e+03 9.113510e+03 9.114810e+03
8.0 9.147611e+03 9.139073e+03 9.113735e+03 9.122273e+03
1.0 9.188886e+03 9.134447e+03 9.153757e+03 9.208196e+03
2.0 9.111770e+03 9.121664e+03 9.150242e+03 9.140348e+03
3.0 9.169040e+03 9.132013e+03 9.160114e+03 9.197141e+03
4.0 9.082192e+03 9.093993e+03 9.117419e+03 9.105618e+03
5.0 9.113621e+03 9.116835e+03 9.107524e+03 9.104309e+03
6.0 9.153516e+03 9.136506e+03 9.109725e+03 9.126735e+03
7.0 9.085316e+03 9.089918e+03 9.112240e+03 9.107638e+03
8.0 9.089145e+03 9.087272e+03 9.112922e+03 9.114795e+03
0.6 9.111770e+03 9.121664e+03 9.150242e+03 9.140348e+03
1.6 9.169040e+03 9.132013e+03 9.160114e+03 9.197141e+03
2.6 9.082192e+03 9.093993e+03 9.117419e+03 9.105618e+03
3.6 9.113621e+03 9.116835e+03 9.107524e+03 9.104309e+03
4.6 9.153516e+03 9.136506e+03 9.109725e+03 9.126735e+03
5.6 9.085316e+03 9.089918e+03 9.112240e+03 9.107638e+03
6.6 9.089145e+03 9.087272e+03 9.112922e+03 9.114795e+03
7.6 9.108838e+03 9.091222e+03 9.112795e+03 9.130411e+03
0.9 9.095899e+03 9.127111e+03 9.137780e+03 9.106568e+03
1.9 9.155617e+03 9.113280e+03 9.142095e+03 9.184433e+03
2.9 9.075436e+03 9.089930e+03 9.109481e+03 9.094987e+03
3.9 9.158923e+03 9.130799e+03 9.142102e+03 9.170226e+03
4.9 9.132109e+03 9.127523e+03 9.140045e+03 9.144631e+03
5.9 9.121893e+03 9.140276e+03 9.151451e+03 9.133068e+03
6.9 9.081344e+03 9.143049e+03 9.156038e+03 9.094333e+03
7.9 9.184183e+03 9.131290e+03 9.121065e+03 9.173958e+03
1.0 9.158923e+03 9.130799e+03 9.142102e+03 9.170226e+03
2.0 9.132109e+03 9.127523e+03 9.140045e+03 9.144631e+03
3.0 9.121893e+03 9.140276e+03 9.151451e+03 9.133068e+03
4.0 9.081344e+03 9.143049e+03 9.156038e+03 9.094333e+03
5.0 9.184183e+03 9.131290e+03 9.121065e+03 9.173958e+03
6.0 9.105840e+03 9.137254e+03 9.100270e+03 9.068856e+03
7.0 9.144396e+03 9.140528e+03 9.149798e+03 9.153666e+03
8.0 9.157866e+03 9.128753e+03 9.148938e+03 9.178051e+03
0.6 9.132109e+03 9.127523e+03 9.140045e+03 9.144631e+03
1.6 9.121893e+03 9.140276e+03 9.151451e+03 9.133068e+03
2.6 9.081344e+03 9.143049e+03 9.156038e+03 9.094333e+03
3.6 9.184183e+03 9.131290e+03 9.121065e+03 9.173958e+03
4.6 9.105840e+03 9.137254e+03 9.100270e+03 9.068856e+03
5.6 9.144396e+03 9.140528e+03 9.149798e+03 9.153666e+03
6.6 9.157866e+03 9.128753e+03 9.148938e+03 9.178051e+03
7.6 9.122048e+03 9.116176e+03 9.136317e+03 9.142189e+03
0.2 9.121893e+03 9.140276e+03 9.151451e+03 9.133068e+03
1.2 9.081344e+03 9.143049e+03 9.156038e+03 9.094333e+03
2.2 9.184183e+03 9.131290e+03 9.121065e+03 9.173958e+03
3.2 9.105840e+03 9.137254e+03 9.100270e+03 9.068856e+03
4.2 9.144396e+03 9.140528e+03 9.149798e+03 9.153666e+03
5.2 9.157866e+03 9.128753e+03 9.148938e+03 9.178051e+03
6.2 9.122048e+03 9.116176e+03 9.136317e+03 9.142189e+03
7.2 9.094288e+03 9.091692e+03 9.103236e+03 9.105831e+03
0.3 9.105840e+03 9.137254e+03 9.100270e+03 9.068856e+03
1.3 9.144396e+03 9.140528e+03 9.149798e+03 9.153666e+03
2.3 9.157866e+03 9.128753e+03 9.148938e+03 9.178051e+03
3.3 9.122048e+03 9.116176e+03 9.136317e+03 9.142189e+03
4.3 9.094288e+03 9.091692e+03 9.103236e+03 9.105831e+03
5.3 9.118891e+03 9.132072e+03 9.138912e+03 9.125731e+03
6.3 9.156461e+03 9.128858e+03 9.138654e+03 9.166257e+03
7.3 9.088233e+03 9.135767e+03 9.150865e+03 9.103331e+03
0.9 9.157866e+03 9.128753e+03 9.148938e+03 9.178051e+03
1.9 9.122048e+03 9.116176e+03 9.136317e+03 9.142189e+03
2.9 9.094288e+03 9.091692e+03 9.103236e+03 9.105831e+03
3.9 9.118891e+03 9.132072e+03 9.138912e+03 9.125731e+03
4.9 9.156461e+03 9.128858e+03 9.138654e+03 9.166257e+03
5.9 9.088233e+03 9.135767e+03 9.150865e+03 9.103331e+03
6.9 9.161001e+03 9.091083e+03 9.109028e+03 9.178946e+03
7.9 9.112242e+03 9.087127e+03 9.099524e+03 9.124638e+03
1.0 9.118891e+03 9.132072e+03 9.138912e+03 9.125731e+03
2.0 9.156461e+03 9.128858e+03 9.138654e+03 9.166257e+03
3.0 9.088233e+03 9.135767e+03 9.150865e+03 9.103331e+03
4.0 9.161001e+03 9.091083e+03 9.109028e+03 9.178946e+03
5.0 9.112242e+03 9.087127e+03 9.099524e+03 9.124638e+03
6.0 9.115265e+03 9.091117e+03 9.102056e+03 9.126204e+03
7.0 9.113148e+03 9.099710e+03 9.104905e+03 9.118342e+03
8.0 9.117176e+03 9.136314e+03 9.105946e+03 9.086808e+03
0.6 9.156461e+03 9.128858e+03 9.138654e+03 9.166257e+03
1.6 9.088233e+03 9.135767e+03 9.150865e+03 9.103331e+03
2.6 9.161001e+03 9.091083e+03 9.109028e+03 9.178946e+03
3.6 9.112242e+03 9.087127e+03 9.099524e+03 9.124638e+03
4.6 9.115265e+03 9.091117e+03 9.102056e+03 9.126204e+03
5.6 9.113148e+03 9.099710e+03 9.104905e+03 9.118342e+03
6.6 9.117176e+03 9.136314e+03 9.105946e+03 9.086808e+03
7.6 9.111427e+03 9.129409e+03 9.106224e+03 9.088242e+03
0.2 9.134169e+03 9.147390e+03 9.106409e+03 9.093188e+03
1.2 9.130215e+03 9.138886e+03 9.153353e+03 9.144682e+03
2.2 9.073331e+03 9.123250e+03 9.146356e+03 9.096437e+03
3.2 9.122644e+03 9.123635e+03 9.145583e+03 9.144592e+03
4.2 9.090436e+03 9.090681e+03 9.106911e+03 9.106665e+03
5.2 9.119717e+03 9.120023e+03 9.129651e+03 9.129345e+03
6.2 9.104228e+03 9.129344e+03 9.139820e+03 9.114704e+03
7.2 9.147878e+03 9.147948e+03 9.157296e+03 9.157226e+03
0.7 9.073331e+03 9.123250e+03 9.146356e+03 9.096437e+03
1.7 9.122644e+03 9.123635e+03 9.145583e+03 9.144592e+03
2.7 9.090436e+03 9.090681e+03 9.106911e+03 9.106665e+03
3.7 9.119717e+03 9.120023e+03 9.129651e+03 9.129345e+03
4.7 9.104228e+03 9.129344e+03 9.139820e+03 9.114704e+03
5.7 9.147878e+03 9.147948e+03 9.157296e+03 9.157226e+03
6.7 9.155192e+03 9.145128e+03 9.113809e+03 9.123873e+03
7.7 9.133053e+03 9.109453e+03 9.100653e+03 9.124253e+03
0.9 9.119717e+03 9.120023e+03 9.129651e+03 9.129345e+03
1.9 9.104228e+03 9.129344e+03 9.139820e+03 9.114704e+03
2.9 9.147878e+03 9.147948e+03 9.157296e+03 9.157226e+03
3.9 9.155192e+03 9.145128e+03 9.113809e+03 9.123873e+03
4.9 9.133053e+03 9.109453e+03 9.100653e+03 9.124253e+03
5.9 9.122295e+03 9.087550e+03 9.102464e+03 9.137209e+03
6.9 9.157809e+03 9.137111e+03 9.152552e+03 9.173251e+03
7.9 9.084865e+03 9.128712e+03 9.146915e+03 9.103068e+03
0.5 9.104228e+03 9.129344e+03 9.139820e+03 9.114704e+03
1.5 9.147878e+03 9.147948e+03 9.157296e+03 9.157226e+03
2.5 9.155192e+03 9.145128e+03 9.113809e+03 9.123873e+03
3.5 9.133053e+03 9.109453e+03 9.100653e+03 9.124253e+03
4.5 9.122295e+03 9.087550e+03 9.102464e+03 9.137209e+03
5.5 9.157809e+03 9.137111e+03 9.152552e+03 9.173251e+03
6.5 9.084865e+03 9.128712e+03 9.146915e+03 9.103068e+03
7.5 9.121410e+03 9.125584e+03 9.146632e+03 9.142458e+03
0.2 9.122295e+03 9.087550e+03 9.102464e+03 9.137209e+03
1.2 9.157809e+03 9.137111e+03 9.152552e+03 9.173251e+03
2.2 9.084865e+03 9.128712e+03 9.146915e+03 9.103068e+03
3.2 9.121410e+03 9.125584e+03 9.146632e+03 9.142458e+03
4.2 9.073003e+03 9.090084e+03 9.108261e+03 9.091180e+03
5.2 9.137723e+03 9.119210e+03 9.131275e+03 9.149788e+03
6.2 9.151106e+03 9.132838e+03 9.139281e+03 9.157549e+03
7.2 9.194057e+03 9.157354e+03 9.109977e+03 9.146680e+03
0.7 9.084865e+03 9.128712e+03 9.146915e+03 9.103068e+03
1.7 9.121410e+03 9.125584e+03 9.146632e+03 9.142458e+03
2.7 9.073003e+03 9.090084e+03 9.108261e+03 9.091180e+03
3.7 9.137723e+03 9.119210e+03 9.131275e+03 9.149788e+03
4.7 9.151106e+03 9.132838e+03 9.139281e+03 9.157549e+03
5.7 9.194057e+03 9.157354e+03 9.109977e+03 9.146680e+03
6.7 9.143510e+03 9.144467e+03 9.104414e+03 9.103457e+03
7.7 9.136284e+03 9.126701e+03 9.106836e+03 9.116419e+03
0.9 9.137723e+03 9.119210e+03 9.131275e+03 9.149788e+03
1.9 9.151106e+03 9.132838e+03 9.139281e+03 9.157549e+03
2.9 9.194057e+03 9.157354e+03 9.109977e+03 9.146680e+03
3.9 9.143510e+03 9.144467e+03 9.104414e+03 9.103457e+03
4.9 9.136284e+03 9.126701e+03 9.106836e+03 9.116419e+03
5.9 9.152931e+03 9.145208e+03 9.109117e+03 9.116840e+03
6.9 9.144751e+03 9.144636e+03 9.110101e+03 9.110215e+03
7.9 9.084917e+03 9.098907e+03 9.110618e+03 9.096628e+03
0.9 9.130072e+03 9.124628e+03 9.141416e+03 9.146859e+03
1.9 9.082081e+03 9.131390e+03 9.149171e+03 9.099862e+03
2.9 9.152160e+03 9.139896e+03 9.164634e+03 9.176897e+03
3.9 9.038815e+03 9.092891e+03 9.120813e+03 9.066738e+03
4.9 9.096964e+03 9.098333e+03 9.116303e+03 9.114935e+03
5.9 9.168607e+03 9.143338e+03 9.156198e+03 9.181467e+03
6.9 9.142639e+03 9.152314e+03 9.121810e+03 9.112135e+03
7.9 9.147652e+03 9.101578e+03 9.111658e+03 9.157731e+03
0.5 9.082081e+03 9.131390e+03 9.149171e+03 9.099862e+03
1.5 9.152160e+03 9.139896e+03 9.164634e+03 9.176897e+03
2.5 9.038815e+03 9.092891e+03 9.120813e+03 9.066738e+03
3.5 9.096964e+03 9.098333e+03 9.116303e+03 9.114935e+03
4.5 9.168607e+03 9.143338e+03 9.156198e+03 9.181467e+03
5.5 9.142639e+03 9.152314e+03 9.121810e+03 9.112135e+03
6.5 9.147652e+03 9.101578e+03 9.111658e+03 9.157731e+03
7.5 9.097955e+03 9.091358e+03 9.113368e+03 9.119965e+03
0.6 9.096964e+03 9.098333e+03 9.116303e+03 9.114935e+03
1.6 9.168607e+03 9.143338e+03 9.156198e+03 9.181467e+03
2.6 9.142639e+03 9.152314e+03 9.121810e+03 9.112135e+03
3.6 9.147652e+03 9.101578e+03 9.111658e+03 9.157731e+03
4.6 9.097955e+03 9.091358e+03 9.113368e+03 9.119965e+03
5.6 9.190883e+03 9.153417e+03 9.116452e+03 9.153918e+03
6.6 9.109539e+03 9.139734e+03 9.118185e+03 9.087990e+03
7.6 9.126491e+03 9.130236e+03 9.119293e+03 9.115548e+03
