0.9 1.073452e+04 1.068760e+04 1.070521e+04 1.075213e+04
1.9 1.072799e+04 1.067368e+04 1.069229e+04 1.074660e+04
2.9 1.066493e+04 1.069498e+04 1.069017e+04 1.066013e+04
3.9 1.075429e+04 1.072175e+04 1.069915e+04 1.073169e+04
4.9 1.070611e+04 1.071685e+04 1.070880e+04 1.069806e+04
5.9 1.067033e+04 1.067400e+04 1.069851e+04 1.069484e+04
6.9 1.065031e+04 1.069079e+04 1.069186e+04 1.065138e+04
7.9 1.070991e+04 1.070143e+04 1.070463e+04 1.071311e+04
0.6 1.070611e+04 1.071685e+04 1.070880e+04 1.069806e+04
1.6 1.067033e+04 1.067400e+04 1.069851e+04 1.069484e+04
2.6 1.065031e+04 1.069079e+04 1.069186e+04 1.065138e+04
3.6 1.070991e+04 1.070143e+04 1.070463e+04 1.071311e+04
4.6 1.068067e+04 1.068995e+04 1.070659e+04 1.069730e+04
5.6 1.070383e+04 1.067281e+04 1.069895e+04 1.072996e+04
6.6 1.068149e+04 1.067508e+04 1.069352e+04 1.069993e+04
7.6 1.068354e+04 1.068740e+04 1.069952e+04 1.069566e+04
0.7 1.070991e+04 1.070143e+04 1.070463e+04 1.071311e+04
1.7 1.068067e+04 1.068995e+04 1.070659e+04 1.069730e+04
2.7 1.070383e+04 1.067281e+04 1.069895e+04 1.072996e+04
3.7 1.068149e+04 1.067508e+04 1.069352e+04 1.069993e+04
4.7 1.068354e+04 1.068740e+04 1.069952e+04 1.069566e+04
5.7 1.067925e+04 1.067426e+04 1.069293e+04 1.069792e+04
6.7 1.071655e+04 1.070737e+04 1.068748e+04 1.069666e+04
7.7 1.071005e+04 1.072050e+04 1.069665e+04 1.068620e+04
0.3 1.068067e+04 1.068995e+04 1.070659e+04 1.069730e+04
1.3 1.070383e+04 1.067281e+04 1.069895e+04 1.072996e+04
2.3 1.068149e+04 1.067508e+04 1.069352e+04 1.069993e+04
3.3 1.068354e+04 1.068740e+04 1.069952e+04 1.069566e+04
4.3 1.067925e+04 1.067426e+04 1.069293e+04 1.069792e+04
5.3 1.071655e+04 1.070737e+04 1.068748e+04 1.069666e+04
6.3 1.071005e+04 1.072050e+04 1.069665e+04 1.068620e+04
7.3 1.073263e+04 1.072318e+04 1.069981e+04 1.070925e+04
0.9 1.068149e+04 1.067508e+04 1.069352e+04 1.069993e+04
1.9 1.068354e+04 1.068740e+04 1.069952e+04 1.069566e+04
2.9 1.067925e+04 1.067426e+04 1.069293e+04 1.069792e+04
3.9 1.071655e+04 1.070737e+04 1.068748e+04 1.069666e+04
4.9 1.071005e+04 1.072050e+04 1.069665e+04 1.068620e+04
5.9 1.073263e+04 1.072318e+04 1.069981e+04 1.070925e+04
6.9 1.071942e+04 1.070863e+04 1.070342e+04 1.071420e+04
7.9 1.073189e+04 1.070066e+04 1.070742e+04 1.073864e+04
0.5 1.068354e+04 1.068740e+04 1.069952e+04 1.069566e+04
1.5 1.067925e+04 1.067426e+04 1.069293e+04 1.069792e+04
2.5 1.071655e+04 1.070737e+04 1.068748e+04 1.069666e+04
3.5 1.071005e+04 1.072050e+04 1.069665e+04 1.068620e+04
4.5 1.073263e+04 1.072318e+04 1.069981e+04 1.070925e+04
5.5 1.071942e+04 1.070863e+04 1.070342e+04 1.071420e+04
6.5 1.073189e+04 1.070066e+04 1.070742e+04 1.073864e+04
7.5 1.067437e+04 1.067680e+04 1.069570e+04 1.069328e+04
0.7 1.073189e+04 1.070066e+04 1.070742e+04 1.073864e+04
1.7 1.067437e+04 1.067680e+04 1.069570e+04 1.069328e+04
2.7 1.072944e+04 1.069266e+04 1.068932e+04 1.072609e+04
3.7 1.073073e+04 1.070600e+04 1.069720e+04 1.072192e+04
4.7 1.066327e+04 1.070728e+04 1.069955e+04 1.065554e+04
5.7 1.065251e+04 1.070560e+04 1.069939e+04 1.064631e+04
6.7 1.070571e+04 1.070622e+04 1.070074e+04 1.070022e+04
7.7 1.071720e+04 1.070847e+04 1.070843e+04 1.071715e+04
0.6 1.071720e+04 1.070847e+04 1.070843e+04 1.071715e+04
1.6 1.067241e+04 1.068521e+04 1.070822e+04 1.069542e+04
2.6 1.066590e+04 1.066750e+04 1.069627e+04 1.069468e+04
3.6 1.072270e+04 1.067690e+04 1.069461e+04 1.074041e+04
4.6 1.071900e+04 1.068314e+04 1.070140e+04 1.073726e+04
5.6 1.064461e+04 1.066827e+04 1.069296e+04 1.066930e+04
6.6 1.069466e+04 1.069645e+04 1.068710e+04 1.068531e+04
7.6 1.070051e+04 1.071176e+04 1.069574e+04 1.068449e+04
0.2 1.067241e+04 1.068521e+04 1.070822e+04 1.069542e+04
1.2 1.066590e+04 1.066750e+04 1.069627e+04 1.069468e+04
2.2 1.072270e+04 1.067690e+04 1.069461e+04 1.074041e+04
3.2 1.071900e+04 1.068314e+04 1.070140e+04 1.073726e+04
4.2 1.064461e+04 1.066827e+04 1.069296e+04 1.066930e+04
5.2 1.069466e+04 1.069645e+04 1.068710e+04 1.068531e+04
6.2 1.070051e+04 1.071176e+04 1.069574e+04 1.068449e+04
7.2 1.062907e+04 1.070550e+04 1.069978e+04 1.062334e+04
0.7 1.072270e+04 1.067690e+04 1.069461e+04 1.074041e+04
1.7 1.071900e+04 1.068314e+04 1.070140e+04 1.073726e+04
2.7 1.064461e+04 1.066827e+04 1.069296e+04 1.066930e+04
3.7 1.069466e+04 1.069645e+04 1.068710e+04 1.068531e+04
4.7 1.070051e+04 1.071176e+04 1.069574e+04 1.068449e+04
5.7 1.062907e+04 1.070550e+04 1.069978e+04 1.062334e+04
6.7 1.071101e+04 1.071692e+04 1.069981e+04 1.069390e+04
7.7 1.071727e+04 1.071303e+04 1.069918e+04 1.070343e+04
0.3 1.071900e+04 1.068314e+04 1.070140e+04 1.073726e+04
1.3 1.064461e+04 1.066827e+04 1.069296e+04 1.066930e+04
2.3 1.069466e+04 1.069645e+04 1.068710e+04 1.068531e+04
3.3 1.070051e+04 1.071176e+04 1.069574e+04 1.068449e+04
4.3 1.062907e+04 1.070550e+04 1.069978e+04 1.062334e+04
5.3 1.071101e+04 1.071692e+04 1.069981e+04 1.069390e+04
6.3 1.071727e+04 1.071303e+04 1.069918e+04 1.070343e+04
7.3 1.074929e+04 1.071679e+04 1.069889e+04 1.073139e+04
0.7 1.071200e+04 1.069812e+04 1.070716e+04 1.072104e+04
1.7 1.061687e+04 1.067149e+04 1.069565e+04 1.064104e+04
2.7 1.073020e+04 1.070528e+04 1.068928e+04 1.071420e+04
3.7 1.072878e+04 1.071390e+04 1.069714e+04 1.071202e+04
4.7 1.071015e+04 1.070862e+04 1.069947e+04 1.070100e+04
5.7 1.071155e+04 1.069891e+04 1.069929e+04 1.071193e+04
6.7 1.074635e+04 1.071277e+04 1.069885e+04 1.073243e+04
7.7 1.073391e+04 1.071079e+04 1.069869e+04 1.072182e+04
0.9 1.070458e+04 1.068795e+04 1.070557e+04 1.072220e+04
1.9 1.065380e+04 1.067217e+04 1.069261e+04 1.067423e+04
2.9 1.066220e+04 1.069781e+04 1.069879e+04 1.066318e+04
3.9 1.064205e+04 1.068408e+04 1.070491e+04 1.066288e+04
4.9 1.065727e+04 1.068071e+04 1.070045e+04 1.067701e+04
5.9 1.060388e+04 1.066843e+04 1.069188e+04 1.062734e+04
6.9 1.064983e+04 1.070564e+04 1.068772e+04 1.063191e+04
7.9 1.066892e+04 1.071519e+04 1.069712e+04 1.065085e+04
1.0 1.064205e+04 1.068408e+04 1.070491e+04 1.066288e+04
2.0 1.065727e+04 1.068071e+04 1.070045e+04 1.067701e+04
3.0 1.060388e+04 1.066843e+04 1.069188e+04 1.062734e+04
4.0 1.064983e+04 1.070564e+04 1.068772e+04 1.063191e+04
5.0 1.066892e+04 1.071519e+04 1.069712e+04 1.065085e+04
6.0 1.073847e+04 1.071396e+04 1.069970e+04 1.072421e+04
7.0 1.072098e+04 1.070020e+04 1.069938e+04 1.072016e+04
8.0 1.073872e+04 1.071057e+04 1.069883e+04 1.072699e+04
0.6 1.065727e+04 1.068071e+04 1.070045e+04 1.067701e+04
1.6 1.060388e+04 1.066843e+04 1.069188e+04 1.062734e+04
2.6 1.064983e+04 1.070564e+04 1.068772e+04 1.063191e+04
3.6 1.066892e+04 1.071519e+04 1.069712e+04 1.065085e+04
4.6 1.073847e+04 1.071396e+04 1.069970e+04 1.072421e+04
5.6 1.072098e+04 1.070020e+04 1.069938e+04 1.072016e+04
6.6 1.073872e+04 1.071057e+04 1.069883e+04 1.072699e+04
7.6 1.071035e+04 1.071356e+04 1.069864e+04 1.069543e+04
1.0 1.070190e+04 1.068029e+04 1.070411e+04 1.072573e+04
2.0 1.068961e+04 1.067207e+04 1.069005e+04 1.070759e+04
3.0 1.072094e+04 1.069573e+04 1.069179e+04 1.071700e+04
4.0 1.070941e+04 1.072199e+04 1.069812e+04 1.068554e+04
5.0 1.072272e+04 1.071660e+04 1.069942e+04 1.070553e+04
6.0 1.068628e+04 1.071298e+04 1.069903e+04 1.067234e+04
7.0 1.070109e+04 1.070071e+04 1.069870e+04 1.069907e+04
8.0 1.069580e+04 1.071253e+04 1.069911e+04 1.068239e+04
0.5 1.071484e+04 1.072019e+04 1.070895e+04 1.070360e+04
1.5 1.066200e+04 1.068032e+04 1.070850e+04 1.069018e+04
2.5 1.066870e+04 1.066563e+04 1.069465e+04 1.069773e+04
3.5 1.070959e+04 1.068029e+04 1.069639e+04 1.072569e+04
4.5 1.067219e+04 1.068061e+04 1.070167e+04 1.069325e+04
5.5 1.068554e+04 1.066779e+04 1.069249e+04 1.071024e+04
6.5 1.071021e+04 1.068302e+04 1.068702e+04 1.071422e+04
7.5 1.069613e+04 1.070307e+04 1.069425e+04 1.068731e+04
1.0 1.066870e+04 1.066563e+04 1.069465e+04 1.069773e+04
2.0 1.070959e+04 1.068029e+04 1.069639e+04 1.072569e+04
3.0 1.067219e+04 1.068061e+04 1.070167e+04 1.069325e+04
4.0 1.068554e+04 1.066779e+04 1.069249e+04 1.071024e+04
5.0 1.071021e+04 1.068302e+04 1.068702e+04 1.071422e+04
6.0 1.069613e+04 1.070307e+04 1.069425e+04 1.068731e+04
7.0 1.070721e+04 1.071059e+04 1.069929e+04 1.069592e+04
8.0 1.069372e+04 1.072010e+04 1.069962e+04 1.067324e+04
0.6 1.070959e+04 1.068029e+04 1.069639e+04 1.072569e+04
1.6 1.067219e+04 1.068061e+04 1.070167e+04 1.069325e+04
2.6 1.068554e+04 1.066779e+04 1.069249e+04 1.071024e+04
3.6 1.071021e+04 1.068302e+04 1.068702e+04 1.071422e+04
4.6 1.069613e+04 1.070307e+04 1.069425e+04 1.068731e+04
5.6 1.070721e+04 1.071059e+04 1.069929e+04 1.069592e+04
6.6 1.069372e+04 1.072010e+04 1.069962e+04 1.067324e+04
7.6 1.073343e+04 1.072041e+04 1.069897e+04 1.071199e+04
0.2 1.067219e+04 1.068061e+04 1.070167e+04 1.069325e+04
1.2 1.068554e+04 1.066779e+04 1.069249e+04 1.071024e+04
2.2 1.071021e+04 1.068302e+04 1.068702e+04 1.071422e+04
3.2 1.069613e+04 1.070307e+04 1.069425e+04 1.068731e+04
4.2 1.070721e+04 1.071059e+04 1.069929e+04 1.069592e+04
5.2 1.069372e+04 1.072010e+04 1.069962e+04 1.067324e+04
6.2 1.073343e+04 1.072041e+04 1.069897e+04 1.071199e+04
7.2 1.075273e+04 1.072190e+04 1.069862e+04 1.072945e+04
0.2 1.068998e+04 1.073197e+04 1.070830e+04 1.066631e+04
1.2 1.069350e+04 1.068290e+04 1.070263e+04 1.071323e+04
2.2 1.067413e+04 1.068297e+04 1.068813e+04 1.067930e+04
3.2 1.074363e+04 1.071415e+04 1.070339e+04 1.073287e+04
4.2 1.071085e+04 1.069157e+04 1.070744e+04 1.072672e+04
5.2 1.068892e+04 1.068170e+04 1.069540e+04 1.070263e+04
6.2 1.064227e+04 1.069233e+04 1.069874e+04 1.064868e+04
7.2 1.067499e+04 1.067834e+04 1.069199e+04 1.068864e+04
0.3 1.074363e+04 1.071415e+04 1.070339e+04 1.073287e+04
1.3 1.071085e+04 1.069157e+04 1.070744e+04 1.072672e+04
2.3 1.068892e+04 1.068170e+04 1.069540e+04 1.070263e+04
3.3 1.064227e+04 1.069233e+04 1.069874e+04 1.064868e+04
4.3 1.067499e+04 1.067834e+04 1.069199e+04 1.068864e+04
0.9 1.068892e+04 1.068170e+04 1.069540e+04 1.070263e+04
1.9 1.064227e+04 1.069233e+04 1.069874e+04 1.064868e+04
2.9 1.067499e+04 1.067834e+04 1.069199e+04 1.068864e+04
0.5 1.064227e+04 1.069233e+04 1.069874e+04 1.064868e+04
1.5 1.067499e+04 1.067834e+04 1.069199e+04 1.068864e+04
