0.9 9.123752e+03 9.109113e+03 9.120437e+03 9.135076e+03
1.9 9.131935e+03 9.101347e+03 9.124320e+03 9.154908e+03
2.9 9.058517e+03 9.073773e+03 9.091618e+03 9.076362e+03
3.9 9.145239e+03 9.122012e+03 9.084195e+03 9.107422e+03
4.9 9.074960e+03 9.120886e+03 9.093660e+03 9.047733e+03
5.9 9.106813e+03 9.116684e+03 9.132240e+03 9.122370e+03
6.9 9.039301e+03 9.069939e+03 9.094553e+03 9.063916e+03
7.9 9.112636e+03 9.094037e+03 9.100191e+03 9.118789e+03
0.6 9.074960e+03 9.120886e+03 9.093660e+03 9.047733e+03
1.6 9.106813e+03 9.116684e+03 9.132240e+03 9.122370e+03
2.6 9.039301e+03 9.069939e+03 9.094553e+03 9.063916e+03
3.6 9.112636e+03 9.094037e+03 9.100191e+03 9.118789e+03
4.6 9.087240e+03 9.121181e+03 9.123156e+03 9.089215e+03
5.6 9.129260e+03 9.128587e+03 9.138951e+03 9.139625e+03
6.6 9.123869e+03 9.109880e+03 9.126368e+03 9.140357e+03
7.6 9.106276e+03 9.106637e+03 9.116013e+03 9.115653e+03
0.7 9.112636e+03 9.094037e+03 9.100191e+03 9.118789e+03
1.7 9.087240e+03 9.121181e+03 9.123156e+03 9.089215e+03
2.7 9.129260e+03 9.128587e+03 9.138951e+03 9.139625e+03
3.7 9.123869e+03 9.109880e+03 9.126368e+03 9.140357e+03
4.7 9.106276e+03 9.106637e+03 9.116013e+03 9.115653e+03
5.7 9.137249e+03 9.119426e+03 9.131409e+03 9.149232e+03
6.7 9.168029e+03 9.117569e+03 9.090462e+03 9.140921e+03
7.7 9.100444e+03 9.108458e+03 9.078481e+03 9.070467e+03
0.3 9.087240e+03 9.121181e+03 9.123156e+03 9.089215e+03
1.3 9.129260e+03 9.128587e+03 9.138951e+03 9.139625e+03
2.3 9.123869e+03 9.109880e+03 9.126368e+03 9.140357e+03
3.3 9.106276e+03 9.106637e+03 9.116013e+03 9.115653e+03
4.3 9.137249e+03 9.119426e+03 9.131409e+03 9.149232e+03
5.3 9.168029e+03 9.117569e+03 9.090462e+03 9.140921e+03
6.3 9.100444e+03 9.108458e+03 9.078481e+03 9.070467e+03
7.3 9.150466e+03 9.120548e+03 9.080436e+03 9.110355e+03
0.9 9.123869e+03 9.109880e+03 9.126368e+03 9.140357e+03
1.9 9.106276e+03 9.106637e+03 9.116013e+03 9.115653e+03
2.9 9.137249e+03 9.119426e+03 9.131409e+03 9.149232e+03
3.9 9.168029e+03 9.117569e+03 9.090462e+03 9.140921e+03
4.9 9.100444e+03 9.108458e+03 9.078481e+03 9.070467e+03
5.9 9.150466e+03 9.120548e+03 9.080436e+03 9.110355e+03
6.9 9.068874e+03 9.076112e+03 9.083475e+03 9.076237e+03
7.9 9.087930e+03 9.094162e+03 9.102630e+03 9.096398e+03
0.5 9.106276e+03 9.106637e+03 9.116013e+03 9.115653e+03
1.5 9.137249e+03 9.119426e+03 9.131409e+03 9.149232e+03
2.5 9.168029e+03 9.117569e+03 9.090462e+03 9.140921e+03
3.5 9.100444e+03 9.108458e+03 9.078481e+03 9.070467e+03
4.5 9.150466e+03 9.120548e+03 9.080436e+03 9.110355e+03
5.5 9.068874e+03 9.076112e+03 9.083475e+03 9.076237e+03
6.5 9.087930e+03 9.094162e+03 9.102630e+03 9.096398e+03
7.5 9.111074e+03 9.107312e+03 9.125328e+03 9.129090e+03
0.7 9.087930e+03 9.094162e+03 9.102630e+03 9.096398e+03
1.7 9.111074e+03 9.107312e+03 9.125328e+03 9.129090e+03
2.7 9.062247e+03 9.067228e+03 9.089978e+03 9.084997e+03
3.7 9.070733e+03 9.067972e+03 9.081086e+03 9.083847e+03
4.7 9.089824e+03 9.072010e+03 9.082663e+03 9.100477e+03
5.7 9.024971e+03 9.073684e+03 9.084943e+03 9.036230e+03
6.7 9.061465e+03 9.075702e+03 9.085878e+03 9.071641e+03
7.7 9.098742e+03 9.092786e+03 9.094551e+03 9.100507e+03
0.6 9.098742e+03 9.092786e+03 9.094551e+03 9.100507e+03
1.6 9.133524e+03 9.129625e+03 9.132203e+03 9.136102e+03
2.6 9.124208e+03 9.124245e+03 9.141373e+03 9.141336e+03
3.6 9.120841e+03 9.103153e+03 9.122851e+03 9.140539e+03
4.6 9.098469e+03 9.111011e+03 9.123436e+03 9.110893e+03
5.6 9.112282e+03 9.117851e+03 9.137074e+03 9.131505e+03
6.6 9.067793e+03 9.106135e+03 9.098263e+03 9.059921e+03
7.6 9.134580e+03 9.097860e+03 9.082682e+03 9.119402e+03
0.2 9.133524e+03 9.129625e+03 9.132203e+03 9.136102e+03
1.2 9.124208e+03 9.124245e+03 9.141373e+03 9.141336e+03
2.2 9.120841e+03 9.103153e+03 9.122851e+03 9.140539e+03
3.2 9.098469e+03 9.111011e+03 9.123436e+03 9.110893e+03
4.2 9.112282e+03 9.117851e+03 9.137074e+03 9.131505e+03
5.2 9.067793e+03 9.106135e+03 9.098263e+03 9.059921e+03
6.2 9.134580e+03 9.097860e+03 9.082682e+03 9.119402e+03
7.2 9.053356e+03 9.069959e+03 9.084105e+03 9.067502e+03
0.7 9.120841e+03 9.103153e+03 9.122851e+03 9.140539e+03
1.7 9.098469e+03 9.111011e+03 9.123436e+03 9.110893e+03
2.7 9.112282e+03 9.117851e+03 9.137074e+03 9.131505e+03
3.7 9.067793e+03 9.106135e+03 9.098263e+03 9.059921e+03
4.7 9.134580e+03 9.097860e+03 9.082682e+03 9.119402e+03
5.7 9.053356e+03 9.069959e+03 9.084105e+03 9.067502e+03
6.7 9.137795e+03 9.115002e+03 9.087675e+03 9.110468e+03
7.7 9.115510e+03 9.110973e+03 9.089417e+03 9.093954e+03
0.3 9.098469e+03 9.111011e+03 9.123436e+03 9.110893e+03
1.3 9.112282e+03 9.117851e+03 9.137074e+03 9.131505e+03
2.3 9.067793e+03 9.106135e+03 9.098263e+03 9.059921e+03
3.3 9.134580e+03 9.097860e+03 9.082682e+03 9.119402e+03
4.3 9.053356e+03 9.069959e+03 9.084105e+03 9.067502e+03
5.3 9.137795e+03 9.115002e+03 9.087675e+03 9.110468e+03
6.3 9.115510e+03 9.110973e+03 9.089417e+03 9.093954e+03
7.3 9.119673e+03 9.125258e+03 9.090069e+03 9.084484e+03
0.7 9.162140e+03 9.109459e+03 9.108664e+03 9.161345e+03
1.7 9.066722e+03 9.105344e+03 9.131297e+03 9.092674e+03
2.7 9.125934e+03 9.122216e+03 9.096014e+03 9.099732e+03
3.7 9.139025e+03 9.113688e+03 9.087128e+03 9.112465e+03
4.7 9.111056e+03 9.099357e+03 9.088674e+03 9.100373e+03
5.7 9.072834e+03 9.069285e+03 9.090866e+03 9.094415e+03
6.7 9.098906e+03 9.114789e+03 9.091644e+03 9.075761e+03
7.7 9.133770e+03 9.111511e+03 9.091800e+03 9.114059e+03
0.9 9.095027e+03 9.109331e+03 9.120639e+03 9.106336e+03
1.9 9.074247e+03 9.099122e+03 9.125327e+03 9.100452e+03
2.9 9.055292e+03 9.074414e+03 9.093335e+03 9.074214e+03
3.9 9.113832e+03 9.114253e+03 9.126011e+03 9.125589e+03
4.9 9.082393e+03 9.107313e+03 9.124234e+03 9.099313e+03
5.9 9.093972e+03 9.114769e+03 9.135757e+03 9.114960e+03
6.9 9.104281e+03 9.121278e+03 9.093894e+03 9.076896e+03
7.9 9.051804e+03 9.108399e+03 9.084125e+03 9.027529e+03
1.0 9.113832e+03 9.114253e+03 9.126011e+03 9.125589e+03
2.0 9.082393e+03 9.107313e+03 9.124234e+03 9.099313e+03
3.0 9.093972e+03 9.114769e+03 9.135757e+03 9.114960e+03
4.0 9.104281e+03 9.121278e+03 9.093894e+03 9.076896e+03
5.0 9.051804e+03 9.108399e+03 9.084125e+03 9.027529e+03
6.0 9.109722e+03 9.108740e+03 9.086323e+03 9.087305e+03
7.0 9.066340e+03 9.069291e+03 9.088865e+03 9.085914e+03
8.0 9.108822e+03 9.101751e+03 9.089618e+03 9.096689e+03
0.6 9.082393e+03 9.107313e+03 9.124234e+03 9.099313e+03
1.6 9.093972e+03 9.114769e+03 9.135757e+03 9.114960e+03
2.6 9.104281e+03 9.121278e+03 9.093894e+03 9.076896e+03
3.6 9.051804e+03 9.108399e+03 9.084125e+03 9.027529e+03
4.6 9.109722e+03 9.108740e+03 9.086323e+03 9.087305e+03
5.6 9.066340e+03 9.069291e+03 9.088865e+03 9.085914e+03
6.6 9.108822e+03 9.101751e+03 9.089618e+03 9.096689e+03
7.6 9.096269e+03 9.112589e+03 9.089624e+03 9.073305e+03
1.0 9.127205e+03 9.117500e+03 9.128719e+03 9.138424e+03
2.0 9.097792e+03 9.079644e+03 9.116722e+03 9.134871e+03
3.0 9.099239e+03 9.063958e+03 9.088971e+03 9.124252e+03
4.0 9.144629e+03 9.123293e+03 9.084155e+03 9.105491e+03
5.0 9.079233e+03 9.113953e+03 9.086125e+03 9.051404e+03
6.0 9.110562e+03 9.110475e+03 9.087531e+03 9.087618e+03
7.0 9.054360e+03 9.069004e+03 9.087742e+03 9.073098e+03
8.0 9.123021e+03 9.101662e+03 9.087569e+03 9.108927e+03
0.5 9.139129e+03 9.117949e+03 9.089744e+03 9.110924e+03
1.5 9.158763e+03 9.128376e+03 9.136172e+03 9.166558e+03
2.5 9.114659e+03 9.111668e+03 9.138017e+03 9.141008e+03
3.5 9.104417e+03 9.098490e+03 9.119042e+03 9.124969e+03
4.5 9.113124e+03 9.116396e+03 9.128350e+03 9.125078e+03
5.5 9.109627e+03 9.112980e+03 9.134707e+03 9.131354e+03
6.5 9.072564e+03 9.073303e+03 9.100880e+03 9.100140e+03
7.5 9.080210e+03 9.061370e+03 9.080026e+03 9.098866e+03
1.0 9.114659e+03 9.111668e+03 9.138017e+03 9.141008e+03
2.0 9.104417e+03 9.098490e+03 9.119042e+03 9.124969e+03
3.0 9.113124e+03 9.116396e+03 9.128350e+03 9.125078e+03
4.0 9.109627e+03 9.112980e+03 9.134707e+03 9.131354e+03
5.0 9.072564e+03 9.073303e+03 9.100880e+03 9.100140e+03
6.0 9.080210e+03 9.061370e+03 9.080026e+03 9.098866e+03
7.0 9.076398e+03 9.070998e+03 9.079583e+03 9.084983e+03
8.0 9.115154e+03 9.109739e+03 9.082539e+03 9.087954e+03
0.6 9.104417e+03 9.098490e+03 9.119042e+03 9.124969e+03
1.6 9.113124e+03 9.116396e+03 9.128350e+03 9.125078e+03
2.6 9.109627e+03 9.112980e+03 9.134707e+03 9.131354e+03
3.6 9.072564e+03 9.073303e+03 9.100880e+03 9.100140e+03
4.6 9.080210e+03 9.061370e+03 9.080026e+03 9.098866e+03
5.6 9.076398e+03 9.070998e+03 9.079583e+03 9.084983e+03
6.6 9.115154e+03 9.109739e+03 9.082539e+03 9.087954e+03
7.6 9.071525e+03 9.117331e+03 9.083763e+03 9.037957e+03
0.2 9.113124e+03 9.116396e+03 9.128350e+03 9.125078e+03
1.2 9.109627e+03 9.112980e+03 9.134707e+03 9.131354e+03
2.2 9.072564e+03 9.073303e+03 9.100880e+03 9.100140e+03
3.2 9.080210e+03 9.061370e+03 9.080026e+03 9.098866e+03
4.2 9.076398e+03 9.070998e+03 9.079583e+03 9.084983e+03
5.2 9.115154e+03 9.109739e+03 9.082539e+03 9.087954e+03
6.2 9.071525e+03 9.117331e+03 9.083763e+03 9.037957e+03
7.2 9.140114e+03 9.128216e+03 9.083714e+03 9.095613e+03
0.2 9.151129e+03 9.132429e+03 9.082117e+03 9.100818e+03
1.2 9.127027e+03 9.125762e+03 9.127973e+03 9.129238e+03
2.2 9.110901e+03 9.076056e+03 9.102317e+03 9.137162e+03
3.2 9.073034e+03 9.073767e+03 9.078617e+03 9.077883e+03
4.2 9.156219e+03 9.127631e+03 9.124211e+03 9.152798e+03
5.2 9.097716e+03 9.112577e+03 9.121429e+03 9.106567e+03
6.2 9.096321e+03 9.106222e+03 9.109989e+03 9.100089e+03
7.2 9.116363e+03 9.112182e+03 9.122538e+03 9.126720e+03
0.3 9.073034e+03 9.073767e+03 9.078617e+03 9.077883e+03
1.3 9.156219e+03 9.127631e+03 9.124211e+03 9.152798e+03
2.3 9.097716e+03 9.112577e+03 9.121429e+03 9.106567e+03
3.3 9.096321e+03 9.106222e+03 9.109989e+03 9.100089e+03
4.3 9.116363e+03 9.112182e+03 9.122538e+03 9.126720e+03
0.9 9.097716e+03 9.112577e+03 9.121429e+03 9.106567e+03
1.9 9.096321e+03 9.106222e+03 9.109989e+03 9.100089e+03
2.9 9.116363e+03 9.112182e+03 9.122538e+03 9.126720e+03
0.5 9.096321e+03 9.106222e+03 9.109989e+03 9.100089e+03
1.5 9.116363e+03 9.112182e+03 9.122538e+03 9.126720e+03
