0.9 1.010249e+04 1.004375e+04 1.005790e+04 1.011664e+04
1.9 1.004423e+04 1.002598e+04 1.004571e+04 1.006396e+04
2.9 1.004808e+04 1.002811e+04 1.004371e+04 1.006368e+04
3.9 1.003905e+04 1.006123e+04 1.005218e+04 1.003000e+04
4.9 1.006092e+04 1.008739e+04 1.006128e+04 1.003482e+04
5.9 1.003007e+04 1.004296e+04 1.005158e+04 1.003868e+04
6.9 1.005113e+04 1.004465e+04 1.004530e+04 1.005178e+04
7.9 1.002045e+04 1.005199e+04 1.005735e+04 1.002581e+04
0.6 1.006092e+04 1.008739e+04 1.006128e+04 1.003482e+04
1.6 1.003007e+04 1.004296e+04 1.005158e+04 1.003868e+04
2.6 1.005113e+04 1.004465e+04 1.004530e+04 1.005178e+04
3.6 1.002045e+04 1.005199e+04 1.005735e+04 1.002581e+04
4.6 1.001424e+04 1.004225e+04 1.005920e+04 1.003119e+04
5.6 1.010645e+04 1.002698e+04 1.005199e+04 1.013146e+04
6.6 1.003957e+04 1.002925e+04 1.004687e+04 1.005719e+04
7.6 1.004549e+04 1.004086e+04 1.005253e+04 1.005716e+04
0.7 1.002045e+04 1.005199e+04 1.005735e+04 1.002581e+04
1.7 1.001424e+04 1.004225e+04 1.005920e+04 1.003119e+04
2.7 1.010645e+04 1.002698e+04 1.005199e+04 1.013146e+04
3.7 1.003957e+04 1.002925e+04 1.004687e+04 1.005719e+04
4.7 1.004549e+04 1.004086e+04 1.005253e+04 1.005716e+04
5.7 1.002783e+04 1.001047e+04 1.004631e+04 1.006367e+04
6.7 1.005130e+04 1.004456e+04 1.004116e+04 1.004791e+04
7.7 1.007264e+04 1.007037e+04 1.004982e+04 1.005209e+04
0.3 1.001424e+04 1.004225e+04 1.005920e+04 1.003119e+04
1.3 1.010645e+04 1.002698e+04 1.005199e+04 1.013146e+04
2.3 1.003957e+04 1.002925e+04 1.004687e+04 1.005719e+04
3.3 1.004549e+04 1.004086e+04 1.005253e+04 1.005716e+04
4.3 1.002783e+04 1.001047e+04 1.004631e+04 1.006367e+04
5.3 1.005130e+04 1.004456e+04 1.004116e+04 1.004791e+04
6.3 1.007264e+04 1.007037e+04 1.004982e+04 1.005209e+04
7.3 1.004137e+04 1.009120e+04 1.005280e+04 1.000297e+04
0.9 1.003957e+04 1.002925e+04 1.004687e+04 1.005719e+04
1.9 1.004549e+04 1.004086e+04 1.005253e+04 1.005716e+04
2.9 1.002783e+04 1.001047e+04 1.004631e+04 1.006367e+04
3.9 1.005130e+04 1.004456e+04 1.004116e+04 1.004791e+04
4.9 1.007264e+04 1.007037e+04 1.004982e+04 1.005209e+04
5.9 1.004137e+04 1.009120e+04 1.005280e+04 1.000297e+04
6.9 1.014155e+04 1.008483e+04 1.005621e+04 1.011293e+04
7.9 1.005088e+04 1.005660e+04 1.005998e+04 1.005425e+04
0.5 1.004549e+04 1.004086e+04 1.005253e+04 1.005716e+04
1.5 1.002783e+04 1.001047e+04 1.004631e+04 1.006367e+04
2.5 1.005130e+04 1.004456e+04 1.004116e+04 1.004791e+04
3.5 1.007264e+04 1.007037e+04 1.004982e+04 1.005209e+04
4.5 1.004137e+04 1.009120e+04 1.005280e+04 1.000297e+04
5.5 1.014155e+04 1.008483e+04 1.005621e+04 1.011293e+04
6.5 1.005088e+04 1.005660e+04 1.005998e+04 1.005425e+04
7.5 1.001094e+04 1.002871e+04 1.004893e+04 1.003117e+04
0.7 1.005088e+04 1.005660e+04 1.005998e+04 1.005425e+04
1.7 1.001094e+04 1.002871e+04 1.004893e+04 1.003117e+04
2.7 9.990684e+03 1.004416e+04 1.004290e+04 9.989424e+03
3.7 1.006333e+04 1.005790e+04 1.005034e+04 1.005576e+04
4.7 1.004663e+04 1.005958e+04 1.005255e+04 1.003961e+04
5.7 1.002004e+04 1.005813e+04 1.005241e+04 1.001432e+04
6.7 1.013308e+04 1.005877e+04 1.005368e+04 1.012798e+04
7.7 1.008255e+04 1.006099e+04 1.006093e+04 1.008249e+04
0.6 1.008255e+04 1.006099e+04 1.006093e+04 1.008249e+04
1.6 1.002350e+04 1.003938e+04 1.006074e+04 1.004485e+04
2.6 1.000607e+04 1.002275e+04 1.004946e+04 1.003278e+04
3.6 1.002793e+04 1.003145e+04 1.004789e+04 1.004438e+04
4.6 1.002580e+04 1.003733e+04 1.005430e+04 1.004278e+04
5.6 9.978729e+03 1.000995e+04 1.004634e+04 1.001511e+04
6.6 1.008887e+04 1.003511e+04 1.004081e+04 1.009457e+04
7.6 1.005746e+04 1.007767e+04 1.004896e+04 1.002875e+04
0.2 1.002350e+04 1.003938e+04 1.006074e+04 1.004485e+04
1.2 1.000607e+04 1.002275e+04 1.004946e+04 1.003278e+04
2.2 1.002793e+04 1.003145e+04 1.004789e+04 1.004438e+04
3.2 1.002580e+04 1.003733e+04 1.005430e+04 1.004278e+04
4.2 9.978729e+03 1.000995e+04 1.004634e+04 1.001511e+04
5.2 1.008887e+04 1.003511e+04 1.004081e+04 1.009457e+04
6.2 1.005746e+04 1.007767e+04 1.004896e+04 1.002875e+04
7.2 9.994657e+03 1.005757e+04 1.005277e+04 9.989855e+03
0.7 1.002793e+04 1.003145e+04 1.004789e+04 1.004438e+04
1.7 1.002580e+04 1.003733e+04 1.005430e+04 1.004278e+04
2.7 9.978729e+03 1.000995e+04 1.004634e+04 1.001511e+04
3.7 1.008887e+04 1.003511e+04 1.004081e+04 1.009457e+04
4.7 1.005746e+04 1.007767e+04 1.004896e+04 1.002875e+04
5.7 9.994657e+03 1.005757e+04 1.005277e+04 9.989855e+03
6.7 1.003199e+04 1.005571e+04 1.005280e+04 1.002909e+04
7.7 1.008271e+04 1.006166e+04 1.005221e+04 1.007326e+04
0.3 1.002580e+04 1.003733e+04 1.005430e+04 1.004278e+04
1.3 9.978729e+03 1.000995e+04 1.004634e+04 1.001511e+04
2.3 1.008887e+04 1.003511e+04 1.004081e+04 1.009457e+04
3.3 1.005746e+04 1.007767e+04 1.004896e+04 1.002875e+04
4.3 9.994657e+03 1.005757e+04 1.005277e+04 9.989855e+03
5.3 1.003199e+04 1.005571e+04 1.005280e+04 1.002909e+04
6.3 1.008271e+04 1.006166e+04 1.005221e+04 1.007326e+04
7.3 1.003041e+04 1.006263e+04 1.005193e+04 1.001971e+04
0.7 1.011831e+04 1.007673e+04 1.005973e+04 1.010131e+04
1.7 1.003685e+04 1.001242e+04 1.004888e+04 1.007332e+04
2.7 1.006322e+04 1.003684e+04 1.004287e+04 1.006925e+04
3.7 1.013011e+04 1.007322e+04 1.005028e+04 1.010717e+04
4.7 1.006928e+04 1.008247e+04 1.005248e+04 1.003930e+04
5.7 1.000508e+04 1.004998e+04 1.005231e+04 1.000742e+04
6.7 1.002808e+04 1.004949e+04 1.005190e+04 1.003049e+04
7.7 1.006209e+04 1.005832e+04 1.005175e+04 1.005552e+04
0.9 1.004177e+04 1.004059e+04 1.005823e+04 1.005941e+04
1.9 1.003544e+04 1.002618e+04 1.004600e+04 1.005526e+04
2.9 1.002151e+04 1.005021e+04 1.005184e+04 1.002314e+04
3.9 9.992711e+03 1.003758e+04 1.005761e+04 1.001275e+04
4.9 1.007240e+04 1.003439e+04 1.005340e+04 1.009142e+04
5.9 9.947565e+03 1.000148e+04 1.004532e+04 9.991398e+03
6.9 1.002955e+04 1.004128e+04 1.004140e+04 1.002966e+04
7.9 1.001718e+04 1.007171e+04 1.005026e+04 9.995728e+03
1.0 9.992711e+03 1.003758e+04 1.005761e+04 1.001275e+04
2.0 1.007240e+04 1.003439e+04 1.005340e+04 1.009142e+04
3.0 9.947565e+03 1.000148e+04 1.004532e+04 9.991398e+03
4.0 1.002955e+04 1.004128e+04 1.004140e+04 1.002966e+04
5.0 1.001718e+04 1.007171e+04 1.005026e+04 9.995728e+03
6.0 1.011252e+04 1.008499e+04 1.005270e+04 1.008023e+04
7.0 1.012334e+04 1.005978e+04 1.005239e+04 1.011595e+04
8.0 1.006742e+04 1.004817e+04 1.005188e+04 1.007113e+04
0.6 1.007240e+04 1.003439e+04 1.005340e+04 1.009142e+04
1.6 9.947565e+03 1.000148e+04 1.004532e+04 9.991398e+03
2.6 1.002955e+04 1.004128e+04 1.004140e+04 1.002966e+04
3.6 1.001718e+04 1.007171e+04 1.005026e+04 9.995728e+03
4.6 1.011252e+04 1.008499e+04 1.005270e+04 1.008023e+04
5.6 1.012334e+04 1.005978e+04 1.005239e+04 1.011595e+04
6.6 1.006742e+04 1.004817e+04 1.005188e+04 1.007113e+04
7.6 1.004614e+04 1.005380e+04 1.005170e+04 1.004403e+04
1.0 1.005333e+04 1.006020e+04 1.005686e+04 1.005000e+04
2.0 1.004829e+04 1.003115e+04 1.004359e+04 1.006073e+04
3.0 1.001635e+04 1.002444e+04 1.004524e+04 1.003715e+04
4.0 1.011778e+04 1.005454e+04 1.005120e+04 1.011444e+04
5.0 1.000996e+04 1.007224e+04 1.005243e+04 9.990151e+03
6.0 1.007595e+04 1.008376e+04 1.005207e+04 1.004426e+04
7.0 1.004212e+04 1.006005e+04 1.005175e+04 1.003382e+04
8.0 1.003426e+04 1.005093e+04 1.005215e+04 1.003547e+04
0.5 1.007698e+04 1.008237e+04 1.006143e+04 1.005603e+04
1.5 1.006169e+04 1.005020e+04 1.006100e+04 1.007249e+04
2.5 1.000125e+04 1.002165e+04 1.004793e+04 1.002753e+04
3.5 1.001125e+04 1.003184e+04 1.004957e+04 1.002898e+04
4.5 9.966344e+03 1.003297e+04 1.005455e+04 9.987930e+03
5.5 1.007872e+04 1.002177e+04 1.004590e+04 1.010285e+04
6.5 1.004591e+04 1.003611e+04 1.004073e+04 1.005053e+04
7.5 1.002946e+04 1.005491e+04 1.004756e+04 1.002211e+04
1.0 1.000125e+04 1.002165e+04 1.004793e+04 1.002753e+04
2.0 1.001125e+04 1.003184e+04 1.004957e+04 1.002898e+04
3.0 9.966344e+03 1.003297e+04 1.005455e+04 9.987930e+03
4.0 1.007872e+04 1.002177e+04 1.004590e+04 1.010285e+04
5.0 1.004591e+04 1.003611e+04 1.004073e+04 1.005053e+04
6.0 1.002946e+04 1.005491e+04 1.004756e+04 1.002211e+04
7.0 1.013685e+04 1.004856e+04 1.005231e+04 1.014061e+04
8.0 1.002975e+04 1.005539e+04 1.005262e+04 1.002698e+04
0.6 1.001125e+04 1.003184e+04 1.004957e+04 1.002898e+04
1.6 9.966344e+03 1.003297e+04 1.005455e+04 9.987930e+03
2.6 1.007872e+04 1.002177e+04 1.004590e+04 1.010285e+04
3.6 1.004591e+04 1.003611e+04 1.004073e+04 1.005053e+04
4.6 1.002946e+04 1.005491e+04 1.004756e+04 1.002211e+04
5.6 1.013685e+04 1.004856e+04 1.005231e+04 1.014061e+04
6.6 1.002975e+04 1.005539e+04 1.005262e+04 1.002698e+04
7.6 1.015967e+04 1.006261e+04 1.005201e+04 1.014907e+04
0.2 9.966344e+03 1.003297e+04 1.005455e+04 9.987930e+03
1.2 1.007872e+04 1.002177e+04 1.004590e+04 1.010285e+04
2.2 1.004591e+04 1.003611e+04 1.004073e+04 1.005053e+04
3.2 1.002946e+04 1.005491e+04 1.004756e+04 1.002211e+04
4.2 1.013685e+04 1.004856e+04 1.005231e+04 1.014061e+04
5.2 1.002975e+04 1.005539e+04 1.005262e+04 1.002698e+04
6.2 1.015967e+04 1.006261e+04 1.005201e+04 1.014907e+04
7.2 1.001091e+04 1.008815e+04 1.005168e+04 9.974433e+03
0.2 1.004139e+04 1.008185e+04 1.006081e+04 1.002035e+04
1.2 1.004439e+04 1.005744e+04 1.005546e+04 1.004241e+04
2.2 1.001549e+04 1.004041e+04 1.004178e+04 1.001686e+04
3.2 1.011986e+04 1.006365e+04 1.005618e+04 1.011240e+04
4.2 1.007978e+04 1.004286e+04 1.006000e+04 1.009693e+04
5.2 1.005188e+04 1.003448e+04 1.004864e+04 1.006604e+04
6.2 1.003684e+04 1.004474e+04 1.005179e+04 1.004389e+04
7.2 1.000568e+04 1.003169e+04 1.004542e+04 1.001942e+04
0.3 1.011986e+04 1.006365e+04 1.005618e+04 1.011240e+04
1.3 1.007978e+04 1.004286e+04 1.006000e+04 1.009693e+04
2.3 1.005188e+04 1.003448e+04 1.004864e+04 1.006604e+04
3.3 1.003684e+04 1.004474e+04 1.005179e+04 1.004389e+04
4.3 1.000568e+04 1.003169e+04 1.004542e+04 1.001942e+04
0.9 1.005188e+04 1.003448e+04 1.004864e+04 1.006604e+04
1.9 1.003684e+04 1.004474e+04 1.005179e+04 1.004389e+04
2.9 1.000568e+04 1.003169e+04 1.004542e+04 1.001942e+04
0.5 1.003684e+04 1.004474e+04 1.005179e+04 1.004389e+04
1.5 1.000568e+04 1.003169e+04 1.004542e+04 1.001942e+04
