0.5 9.992074e+03 1.006893e+04 1.007561e+04 9.998761e+03
1.5 1.009939e+04 1.006772e+04 1.004579e+04 1.007745e+04
2.5 1.001559e+04 9.999455e+03 1.000523e+04 1.002137e+04
3.5 1.011207e+04 1.004862e+04 1.006159e+04 1.012504e+04
4.5 1.002650e+04 1.004973e+04 1.004028e+04 1.001705e+04
5.5 1.000032e+04 1.000080e+04 1.001751e+04 1.001703e+04
6.5 1.008459e+04 1.004761e+04 1.006190e+04 1.009888e+04
7.5 1.002847e+04 1.003066e+04 1.003153e+04 1.002934e+04
0.6 1.011207e+04 1.004862e+04 1.006159e+04 1.012504e+04
1.6 1.002650e+04 1.004973e+04 1.004028e+04 1.001705e+04
2.6 1.000032e+04 1.000080e+04 1.001751e+04 1.001703e+04
3.6 1.008459e+04 1.004761e+04 1.006190e+04 1.009888e+04
4.6 1.002847e+04 1.003066e+04 1.003153e+04 1.002934e+04
5.6 1.001559e+04 9.987831e+03 1.000766e+04 1.003542e+04
6.6 1.000692e+04 1.007021e+04 1.003398e+04 9.970681e+03
7.6 1.010381e+04 1.007615e+04 1.004178e+04 1.006944e+04
0.7 1.008459e+04 1.004761e+04 1.006190e+04 1.009888e+04
1.7 1.002847e+04 1.003066e+04 1.003153e+04 1.002934e+04
2.7 1.001559e+04 9.987831e+03 1.000766e+04 1.003542e+04
3.7 1.000692e+04 1.007021e+04 1.003398e+04 9.970681e+03
4.7 1.010381e+04 1.007615e+04 1.004178e+04 1.006944e+04
5.7 9.951484e+03 1.003475e+04 1.007099e+04 9.987718e+03
6.7 1.007601e+04 1.004362e+04 1.006071e+04 1.009310e+04
7.7 9.915884e+03 1.001361e+04 1.000948e+04 9.911762e+03
1.0 1.007601e+04 1.004362e+04 1.006071e+04 1.009310e+04
2.0 9.915884e+03 1.001361e+04 1.000948e+04 9.911762e+03
3.0 1.003814e+04 1.007435e+04 1.001474e+04 9.978537e+03
4.0 1.010118e+04 1.000696e+04 1.003718e+04 1.013139e+04
5.0 1.008126e+04 1.003669e+04 1.004186e+04 1.008643e+04
6.0 1.011034e+04 1.008767e+04 1.004052e+04 1.006319e+04
7.0 1.011314e+04 1.011405e+04 1.003931e+04 1.003840e+04
8.0 1.012382e+04 1.008198e+04 1.003893e+04 1.008077e+04
1.0 1.012239e+04 1.005323e+04 1.006602e+04 1.013518e+04
2.0 9.937448e+03 1.001077e+04 1.004354e+04 9.970219e+03
3.0 1.003983e+04 9.994984e+03 1.001418e+04 1.005903e+04
4.0 9.943671e+03 9.961306e+03 9.999230e+03 9.981595e+03
5.0 1.006297e+04 1.003307e+04 1.003288e+04 1.006278e+04
6.0 1.010633e+04 1.008227e+04 1.004220e+04 1.006625e+04
7.0 9.932493e+03 1.000119e+04 1.004106e+04 9.972372e+03
8.0 9.959361e+03 9.987523e+03 1.003908e+04 1.001092e+04
0.6 9.937448e+03 1.001077e+04 1.004354e+04 9.970219e+03
1.6 1.003983e+04 9.994984e+03 1.001418e+04 1.005903e+04
2.6 9.943671e+03 9.961306e+03 9.999230e+03 9.981595e+03
3.6 1.006297e+04 1.003307e+04 1.003288e+04 1.006278e+04
4.6 1.010633e+04 1.008227e+04 1.004220e+04 1.006625e+04
5.6 9.932493e+03 1.000119e+04 1.004106e+04 9.972372e+03
6.6 9.959361e+03 9.987523e+03 1.003908e+04 1.001092e+04
7.6 9.996803e+03 9.992140e+03 1.003832e+04 1.004298e+04
0.9 1.001509e+04 1.005665e+04 1.006365e+04 1.002210e+04
1.9 9.950229e+03 9.987544e+03 1.001752e+04 9.980205e+03
2.9 1.001335e+04 9.993578e+03 1.003866e+04 1.005844e+04
3.9 1.016254e+04 1.004604e+04 1.006168e+04 1.017817e+04
4.9 9.965705e+03 1.003194e+04 1.004576e+04 9.979525e+03
5.9 9.966199e+03 1.004570e+04 1.005077e+04 9.971277e+03
6.9 1.011967e+04 1.001805e+04 1.001599e+04 1.011761e+04
7.9 1.010941e+04 1.001881e+04 9.996856e+03 1.008745e+04
1.0 1.016254e+04 1.004604e+04 1.006168e+04 1.017817e+04
2.0 9.965705e+03 1.003194e+04 1.004576e+04 9.979525e+03
3.0 9.966199e+03 1.004570e+04 1.005077e+04 9.971277e+03
4.0 1.011967e+04 1.001805e+04 1.001599e+04 1.011761e+04
5.0 1.010941e+04 1.001881e+04 9.996856e+03 1.008745e+04
6.0 1.009765e+04 1.010674e+04 1.006019e+04 1.005109e+04
7.0 1.007763e+04 1.007338e+04 1.007528e+04 1.007953e+04
8.0 1.006088e+04 1.001404e+04 1.002866e+04 1.007549e+04
0.6 9.965705e+03 1.003194e+04 1.004576e+04 9.979525e+03
1.6 9.966199e+03 1.004570e+04 1.005077e+04 9.971277e+03
2.6 1.011967e+04 1.001805e+04 1.001599e+04 1.011761e+04
3.6 1.010941e+04 1.001881e+04 9.996856e+03 1.008745e+04
4.6 1.009765e+04 1.010674e+04 1.006019e+04 1.005109e+04
5.6 1.007763e+04 1.007338e+04 1.007528e+04 1.007953e+04
6.6 1.006088e+04 1.001404e+04 1.002866e+04 1.007549e+04
7.6 1.003785e+04 9.986804e+03 1.000445e+04 1.005550e+04
0.2 9.966199e+03 1.004570e+04 1.005077e+04 9.971277e+03
1.2 1.011967e+04 1.001805e+04 1.001599e+04 1.011761e+04
2.2 1.010941e+04 1.001881e+04 9.996856e+03 1.008745e+04
3.2 1.009765e+04 1.010674e+04 1.006019e+04 1.005109e+04
4.2 1.007763e+04 1.007338e+04 1.007528e+04 1.007953e+04
5.2 1.006088e+04 1.001404e+04 1.002866e+04 1.007549e+04
6.2 1.003785e+04 9.986804e+03 1.000445e+04 1.005550e+04
7.2 9.972184e+03 1.000544e+04 1.004059e+04 1.000733e+04
0.3 1.009765e+04 1.010674e+04 1.006019e+04 1.005109e+04
1.3 1.007763e+04 1.007338e+04 1.007528e+04 1.007953e+04
2.3 1.006088e+04 1.001404e+04 1.002866e+04 1.007549e+04
3.3 1.003785e+04 9.986804e+03 1.000445e+04 1.005550e+04
4.3 9.972184e+03 1.000544e+04 1.004059e+04 1.000733e+04
5.3 1.015684e+04 1.005523e+04 1.006531e+04 1.016692e+04
6.3 1.001020e+04 1.003765e+04 1.004771e+04 1.002025e+04
7.3 9.941013e+03 1.001464e+04 1.001655e+04 9.942926e+03
0.9 1.006088e+04 1.001404e+04 1.002866e+04 1.007549e+04
1.9 1.003785e+04 9.986804e+03 1.000445e+04 1.005550e+04
2.9 9.972184e+03 1.000544e+04 1.004059e+04 1.000733e+04
3.9 1.015684e+04 1.005523e+04 1.006531e+04 1.016692e+04
4.9 1.001020e+04 1.003765e+04 1.004771e+04 1.002025e+04
5.9 9.941013e+03 1.001464e+04 1.001655e+04 9.942926e+03
6.9 9.985631e+03 9.970245e+03 1.000014e+04 1.001553e+04
7.9 1.005429e+04 9.997010e+03 1.003340e+04 1.009068e+04
1.0 1.015684e+04 1.005523e+04 1.006531e+04 1.016692e+04
2.0 1.001020e+04 1.003765e+04 1.004771e+04 1.002025e+04
3.0 9.941013e+03 1.001464e+04 1.001655e+04 9.942926e+03
4.0 9.985631e+03 9.970245e+03 1.000014e+04 1.001553e+04
5.0 1.005429e+04 9.997010e+03 1.003340e+04 1.009068e+04
6.0 1.007690e+04 1.000777e+04 1.004267e+04 1.011180e+04
7.0 1.006103e+04 1.001380e+04 1.004156e+04 1.008879e+04
8.0 1.009380e+04 1.007584e+04 1.003964e+04 1.005760e+04
0.6 1.001020e+04 1.003765e+04 1.004771e+04 1.002025e+04
1.6 9.941013e+03 1.001464e+04 1.001655e+04 9.942926e+03
2.6 9.985631e+03 9.970245e+03 1.000014e+04 1.001553e+04
3.6 1.005429e+04 9.997010e+03 1.003340e+04 1.009068e+04
4.6 1.007690e+04 1.000777e+04 1.004267e+04 1.011180e+04
5.6 1.006103e+04 1.001380e+04 1.004156e+04 1.008879e+04
6.6 1.009380e+04 1.007584e+04 1.003964e+04 1.005760e+04
7.6 9.982363e+03 1.007393e+04 1.003893e+04 9.947366e+03
0.2 1.010586e+04 1.013077e+04 1.007388e+04 1.004897e+04
1.2 1.012497e+04 1.006328e+04 1.006875e+04 1.013044e+04
2.2 9.979527e+03 1.001012e+04 1.003293e+04 1.000234e+04
3.2 9.985826e+03 9.992854e+03 1.000917e+04 1.000214e+04
4.2 1.004918e+04 9.989779e+03 1.002670e+04 1.008610e+04
5.2 1.000893e+04 1.004278e+04 1.006340e+04 1.002955e+04
6.2 9.943643e+03 1.004548e+04 1.005948e+04 9.957647e+03
7.2 1.007131e+04 1.002392e+04 1.001928e+04 1.006668e+04
0.7 9.979527e+03 1.001012e+04 1.003293e+04 1.000234e+04
1.7 9.985826e+03 9.992854e+03 1.000917e+04 1.000214e+04
2.7 1.004918e+04 9.989779e+03 1.002670e+04 1.008610e+04
3.7 1.000893e+04 1.004278e+04 1.006340e+04 1.002955e+04
4.7 9.943643e+03 1.004548e+04 1.005948e+04 9.957647e+03
5.7 1.007131e+04 1.002392e+04 1.001928e+04 1.006668e+04
6.7 1.012046e+04 1.005371e+04 9.996180e+03 1.006294e+04
7.7 1.008642e+04 1.004065e+04 1.003012e+04 1.007589e+04
0.9 1.000893e+04 1.004278e+04 1.006340e+04 1.002955e+04
1.9 9.943643e+03 1.004548e+04 1.005948e+04 9.957647e+03
2.9 1.007131e+04 1.002392e+04 1.001928e+04 1.006668e+04
3.9 1.012046e+04 1.005371e+04 9.996180e+03 1.006294e+04
4.9 1.008642e+04 1.004065e+04 1.003012e+04 1.007589e+04
5.9 1.009116e+04 1.003120e+04 1.007757e+04 1.013753e+04
6.9 1.007622e+04 1.005439e+04 1.007212e+04 1.009395e+04
7.9 9.869172e+03 1.001821e+04 1.003432e+04 9.885281e+03
0.5 9.943643e+03 1.004548e+04 1.005948e+04 9.957647e+03
1.5 1.007131e+04 1.002392e+04 1.001928e+04 1.006668e+04
2.5 1.012046e+04 1.005371e+04 9.996180e+03 1.006294e+04
3.5 1.008642e+04 1.004065e+04 1.003012e+04 1.007589e+04
4.5 1.009116e+04 1.003120e+04 1.007757e+04 1.013753e+04
5.5 1.007622e+04 1.005439e+04 1.007212e+04 1.009395e+04
6.5 9.869172e+03 1.001821e+04 1.003432e+04 9.885281e+03
7.5 9.973243e+03 9.996152e+03 1.000977e+04 9.986857e+03
0.2 1.009116e+04 1.003120e+04 1.007757e+04 1.013753e+04
1.2 1.007622e+04 1.005439e+04 1.007212e+04 1.009395e+04
2.2 9.869172e+03 1.001821e+04 1.003432e+04 9.885281e+03
3.2 9.973243e+03 9.996152e+03 1.000977e+04 9.986857e+03
4.2 1.003129e+04 9.988100e+03 1.002713e+04 1.007032e+04
5.2 1.012071e+04 1.003829e+04 1.006199e+04 1.014441e+04
6.2 9.988903e+03 1.001778e+04 1.002277e+04 9.993886e+03
7.2 1.012589e+04 1.008737e+04 1.001250e+04 1.005102e+04
0.7 9.869172e+03 1.001821e+04 1.003432e+04 9.885281e+03
1.7 9.973243e+03 9.996152e+03 1.000977e+04 9.986857e+03
2.7 1.003129e+04 9.988100e+03 1.002713e+04 1.007032e+04
3.7 1.012071e+04 1.003829e+04 1.006199e+04 1.014441e+04
4.7 9.988903e+03 1.001778e+04 1.002277e+04 9.993886e+03
5.7 1.012589e+04 1.008737e+04 1.001250e+04 1.005102e+04
6.7 1.002967e+04 1.009916e+04 1.003629e+04 9.966798e+03
7.7 1.001478e+04 1.006742e+04 1.004218e+04 9.989536e+03
0.9 1.012071e+04 1.003829e+04 1.006199e+04 1.014441e+04
1.9 9.988903e+03 1.001778e+04 1.002277e+04 9.993886e+03
2.9 1.012589e+04 1.008737e+04 1.001250e+04 1.005102e+04
3.9 1.002967e+04 1.009916e+04 1.003629e+04 9.966798e+03
4.9 1.001478e+04 1.006742e+04 1.004218e+04 9.989536e+03
5.9 1.015386e+04 1.009255e+04 1.004111e+04 1.010242e+04
6.9 1.013427e+04 1.009743e+04 1.003978e+04 1.007663e+04
7.9 9.949276e+03 1.001982e+04 1.003938e+04 9.968837e+03
0.9 1.006256e+04 1.003971e+04 1.006701e+04 1.008986e+04
1.9 9.967757e+03 1.003611e+04 1.005619e+04 9.987833e+03
2.9 1.004607e+04 1.000736e+04 1.001754e+04 1.005626e+04
3.9 9.861790e+03 9.962022e+03 1.000243e+04 9.902203e+03
4.9 1.006980e+04 1.002059e+04 1.006522e+04 1.011443e+04
5.9 9.994128e+03 1.003225e+04 1.004292e+04 1.000480e+04
6.9 1.000334e+04 1.006522e+04 1.000528e+04 9.943395e+03
7.9 1.012078e+04 1.001754e+04 1.003233e+04 1.013558e+04
0.5 9.967757e+03 1.003611e+04 1.005619e+04 9.987833e+03
1.5 1.004607e+04 1.000736e+04 1.001754e+04 1.005626e+04
2.5 9.861790e+03 9.962022e+03 1.000243e+04 9.902203e+03
3.5 1.006980e+04 1.002059e+04 1.006522e+04 1.011443e+04
4.5 9.994128e+03 1.003225e+04 1.004292e+04 1.000480e+04
5.5 1.000334e+04 1.006522e+04 1.000528e+04 9.943395e+03
6.5 1.012078e+04 1.001754e+04 1.003233e+04 1.013558e+04
7.5 9.956187e+03 9.991178e+03 1.004226e+04 1.000727e+04
0.6 1.006980e+04 1.002059e+04 1.006522e+04 1.011443e+04
1.6 9.994128e+03 1.003225e+04 1.004292e+04 1.000480e+04
2.6 1.000334e+04 1.006522e+04 1.000528e+04 9.943395e+03
3.6 1.012078e+04 1.001754e+04 1.003233e+04 1.013558e+04
4.6 9.956187e+03 9.991178e+03 1.004226e+04 1.000727e+04
5.6 1.005553e+04 1.009483e+04 1.004229e+04 1.000298e+04
6.6 1.010764e+04 1.007788e+04 1.004081e+04 1.007057e+04
7.6 1.009725e+04 1.005652e+04 1.004035e+04 1.008108e+04
