0.9 9.581982e+03 9.569785e+03 9.556452e+03 9.568649e+03
1.9 9.595611e+03 9.570025e+03 9.549412e+03 9.574998e+03
2.9 9.514009e+03 9.533776e+03 9.548257e+03 9.528491e+03
3.9 9.560511e+03 9.552744e+03 9.553148e+03 9.560916e+03
4.9 9.525130e+03 9.554584e+03 9.558405e+03 9.528951e+03
5.9 9.598060e+03 9.581554e+03 9.552800e+03 9.569305e+03
6.9 9.536679e+03 9.531298e+03 9.549174e+03 9.554556e+03
7.9 9.571595e+03 9.547621e+03 9.556136e+03 9.580110e+03
0.6 9.525130e+03 9.554584e+03 9.558405e+03 9.528951e+03
1.6 9.598060e+03 9.581554e+03 9.552800e+03 9.569305e+03
2.6 9.536679e+03 9.531298e+03 9.549174e+03 9.554556e+03
3.6 9.571595e+03 9.547621e+03 9.556136e+03 9.580110e+03
4.6 9.552545e+03 9.578578e+03 9.557203e+03 9.531169e+03
5.6 9.597247e+03 9.594529e+03 9.553037e+03 9.555755e+03
6.6 9.562632e+03 9.575776e+03 9.550081e+03 9.536937e+03
7.6 9.523970e+03 9.566039e+03 9.553351e+03 9.511281e+03
0.7 9.571595e+03 9.547621e+03 9.556136e+03 9.580110e+03
1.7 9.552545e+03 9.578578e+03 9.557203e+03 9.531169e+03
2.7 9.597247e+03 9.594529e+03 9.553037e+03 9.555755e+03
3.7 9.562632e+03 9.575776e+03 9.550081e+03 9.536937e+03
4.7 9.523970e+03 9.566039e+03 9.553351e+03 9.511281e+03
5.7 9.585614e+03 9.586723e+03 9.549757e+03 9.548647e+03
6.7 9.607439e+03 9.556216e+03 9.546787e+03 9.598010e+03
7.7 9.542637e+03 9.540305e+03 9.551784e+03 9.554116e+03
0.3 9.552545e+03 9.578578e+03 9.557203e+03 9.531169e+03
1.3 9.597247e+03 9.594529e+03 9.553037e+03 9.555755e+03
2.3 9.562632e+03 9.575776e+03 9.550081e+03 9.536937e+03
3.3 9.523970e+03 9.566039e+03 9.553351e+03 9.511281e+03
4.3 9.585614e+03 9.586723e+03 9.549757e+03 9.548647e+03
5.3 9.607439e+03 9.556216e+03 9.546787e+03 9.598010e+03
6.3 9.542637e+03 9.540305e+03 9.551784e+03 9.554116e+03
7.3 9.581538e+03 9.545834e+03 9.553505e+03 9.589209e+03
0.9 9.562632e+03 9.575776e+03 9.550081e+03 9.536937e+03
1.9 9.523970e+03 9.566039e+03 9.553351e+03 9.511281e+03
2.9 9.585614e+03 9.586723e+03 9.549757e+03 9.548647e+03
3.9 9.607439e+03 9.556216e+03 9.546787e+03 9.598010e+03
4.9 9.542637e+03 9.540305e+03 9.551784e+03 9.554116e+03
5.9 9.581538e+03 9.545834e+03 9.553505e+03 9.589209e+03
6.9 9.513096e+03 9.522919e+03 9.555473e+03 9.545650e+03
7.9 9.545739e+03 9.548597e+03 9.557652e+03 9.554793e+03
0.5 9.523970e+03 9.566039e+03 9.553351e+03 9.511281e+03
1.5 9.585614e+03 9.586723e+03 9.549757e+03 9.548647e+03
2.5 9.607439e+03 9.556216e+03 9.546787e+03 9.598010e+03
3.5 9.542637e+03 9.540305e+03 9.551784e+03 9.554116e+03
4.5 9.581538e+03 9.545834e+03 9.553505e+03 9.589209e+03
5.5 9.513096e+03 9.522919e+03 9.555473e+03 9.545650e+03
6.5 9.545739e+03 9.548597e+03 9.557652e+03 9.554793e+03
7.5 9.594549e+03 9.573711e+03 9.551270e+03 9.572108e+03
0.7 9.545739e+03 9.548597e+03 9.557652e+03 9.554793e+03
1.7 9.594549e+03 9.573711e+03 9.551270e+03 9.572108e+03
2.7 9.514519e+03 9.527000e+03 9.547790e+03 9.535308e+03
3.7 9.516242e+03 9.520178e+03 9.552084e+03 9.548148e+03
4.7 9.522324e+03 9.523246e+03 9.553364e+03 9.552443e+03
5.7 9.476040e+03 9.525795e+03 9.553280e+03 9.503525e+03
6.7 9.506183e+03 9.527441e+03 9.554012e+03 9.532755e+03
7.7 9.536748e+03 9.542275e+03 9.558203e+03 9.552676e+03
0.6 9.536748e+03 9.542275e+03 9.558203e+03 9.552676e+03
1.6 9.568458e+03 9.589353e+03 9.558091e+03 9.537196e+03
2.6 9.572417e+03 9.594070e+03 9.551578e+03 9.529925e+03
3.6 9.588440e+03 9.569458e+03 9.550673e+03 9.569654e+03
4.6 9.584881e+03 9.573553e+03 9.554375e+03 9.565703e+03
5.6 9.589137e+03 9.589370e+03 9.549775e+03 9.549542e+03
6.6 9.549382e+03 9.555628e+03 9.546584e+03 9.540337e+03
7.6 9.579446e+03 9.535890e+03 9.551289e+03 9.594845e+03
0.2 9.568458e+03 9.589353e+03 9.558091e+03 9.537196e+03
1.2 9.572417e+03 9.594070e+03 9.551578e+03 9.529925e+03
2.2 9.588440e+03 9.569458e+03 9.550673e+03 9.569654e+03
3.2 9.584881e+03 9.573553e+03 9.554375e+03 9.565703e+03
4.2 9.589137e+03 9.589370e+03 9.549775e+03 9.549542e+03
5.2 9.549382e+03 9.555628e+03 9.546584e+03 9.540337e+03
6.2 9.579446e+03 9.535890e+03 9.551289e+03 9.594845e+03
7.2 9.528902e+03 9.523203e+03 9.553489e+03 9.559188e+03
0.7 9.588440e+03 9.569458e+03 9.550673e+03 9.569654e+03
1.7 9.584881e+03 9.573553e+03 9.554375e+03 9.565703e+03
2.7 9.589137e+03 9.589370e+03 9.549775e+03 9.549542e+03
3.7 9.549382e+03 9.555628e+03 9.546584e+03 9.540337e+03
4.7 9.579446e+03 9.535890e+03 9.551289e+03 9.594845e+03
5.7 9.528902e+03 9.523203e+03 9.553489e+03 9.559188e+03
6.7 9.578012e+03 9.551541e+03 9.553509e+03 9.579981e+03
7.7 9.542691e+03 9.549558e+03 9.553165e+03 9.546299e+03
0.3 9.584881e+03 9.573553e+03 9.554375e+03 9.565703e+03
1.3 9.589137e+03 9.589370e+03 9.549775e+03 9.549542e+03
2.3 9.549382e+03 9.555628e+03 9.546584e+03 9.540337e+03
3.3 9.579446e+03 9.535890e+03 9.551289e+03 9.594845e+03
4.3 9.528902e+03 9.523203e+03 9.553489e+03 9.559188e+03
5.3 9.578012e+03 9.551541e+03 9.553509e+03 9.579981e+03
6.3 9.542691e+03 9.549558e+03 9.553165e+03 9.546299e+03
7.3 9.540255e+03 9.558056e+03 9.553004e+03 9.535203e+03
0.7 9.608875e+03 9.558597e+03 9.557510e+03 9.607789e+03
1.7 9.553721e+03 9.578292e+03 9.551244e+03 9.526673e+03
2.7 9.579716e+03 9.563260e+03 9.547771e+03 9.564227e+03
3.7 9.567495e+03 9.548277e+03 9.552054e+03 9.571272e+03
4.7 9.529903e+03 9.539813e+03 9.553324e+03 9.543413e+03
5.7 9.525888e+03 9.527932e+03 9.553225e+03 9.551182e+03
6.7 9.542701e+03 9.554647e+03 9.552987e+03 9.541041e+03
7.7 9.571947e+03 9.551755e+03 9.552899e+03 9.573091e+03
0.9 9.565524e+03 9.570428e+03 9.556644e+03 9.551740e+03
1.9 9.565120e+03 9.569337e+03 9.549582e+03 9.545366e+03
2.9 9.533072e+03 9.532377e+03 9.552951e+03 9.553646e+03
3.9 9.587428e+03 9.576948e+03 9.556284e+03 9.566764e+03
4.9 9.537812e+03 9.572293e+03 9.553856e+03 9.519375e+03
5.9 9.565341e+03 9.587853e+03 9.549186e+03 9.526673e+03
6.9 9.559790e+03 9.560871e+03 9.546921e+03 9.545841e+03
7.9 9.512824e+03 9.543575e+03 9.552041e+03 9.521291e+03
1.0 9.587428e+03 9.576948e+03 9.556284e+03 9.566764e+03
2.0 9.537812e+03 9.572293e+03 9.553856e+03 9.519375e+03
3.0 9.565341e+03 9.587853e+03 9.549186e+03 9.526673e+03
4.0 9.559790e+03 9.560871e+03 9.546921e+03 9.545841e+03
5.0 9.512824e+03 9.543575e+03 9.552041e+03 9.521291e+03
6.0 9.547347e+03 9.543445e+03 9.553450e+03 9.557352e+03
7.0 9.523217e+03 9.525476e+03 9.553272e+03 9.551012e+03
8.0 9.543733e+03 9.546066e+03 9.552976e+03 9.550644e+03
0.6 9.537812e+03 9.572293e+03 9.553856e+03 9.519375e+03
1.6 9.565341e+03 9.587853e+03 9.549186e+03 9.526673e+03
2.6 9.559790e+03 9.560871e+03 9.546921e+03 9.545841e+03
3.6 9.512824e+03 9.543575e+03 9.552041e+03 9.521291e+03
4.6 9.547347e+03 9.543445e+03 9.553450e+03 9.557352e+03
5.6 9.523217e+03 9.525476e+03 9.553272e+03 9.551012e+03
6.6 9.543733e+03 9.546066e+03 9.552976e+03 9.550644e+03
7.6 9.531595e+03 9.551600e+03 9.552870e+03 9.532865e+03
1.0 9.592118e+03 9.577661e+03 9.555853e+03 9.570311e+03
2.0 9.572804e+03 9.552233e+03 9.548187e+03 9.568759e+03
3.0 9.558819e+03 9.526949e+03 9.549140e+03 9.581010e+03
4.0 9.563217e+03 9.554301e+03 9.552585e+03 9.561501e+03
5.0 9.504947e+03 9.547919e+03 9.553293e+03 9.510322e+03
6.0 9.542007e+03 9.545346e+03 9.553084e+03 9.549745e+03
7.0 9.511511e+03 9.524592e+03 9.552901e+03 9.539821e+03
8.0 9.556315e+03 9.544405e+03 9.553129e+03 9.565038e+03
0.5 9.562584e+03 9.551111e+03 9.558487e+03 9.569961e+03
1.5 9.616729e+03 9.589723e+03 9.558240e+03 9.585245e+03
2.5 9.575904e+03 9.584919e+03 9.550697e+03 9.541682e+03
3.5 9.586312e+03 9.564370e+03 9.551643e+03 9.573585e+03
4.5 9.603023e+03 9.580221e+03 9.554519e+03 9.577321e+03
5.5 9.573511e+03 9.583636e+03 9.549521e+03 9.539396e+03
6.5 9.512805e+03 9.538231e+03 9.546538e+03 9.521113e+03
7.5 9.524416e+03 9.516124e+03 9.550478e+03 9.558770e+03
1.0 9.575904e+03 9.584919e+03 9.550697e+03 9.541682e+03
2.0 9.586312e+03 9.564370e+03 9.551643e+03 9.573585e+03
3.0 9.603023e+03 9.580221e+03 9.554519e+03 9.577321e+03
4.0 9.573511e+03 9.583636e+03 9.549521e+03 9.539396e+03
5.0 9.512805e+03 9.538231e+03 9.546538e+03 9.521113e+03
6.0 9.524416e+03 9.516124e+03 9.550478e+03 9.558770e+03
7.0 9.517201e+03 9.522147e+03 9.553223e+03 9.548278e+03
8.0 9.554739e+03 9.545392e+03 9.553402e+03 9.562749e+03
0.6 9.586312e+03 9.564370e+03 9.551643e+03 9.573585e+03
1.6 9.603023e+03 9.580221e+03 9.554519e+03 9.577321e+03
2.6 9.573511e+03 9.583636e+03 9.549521e+03 9.539396e+03
3.6 9.512805e+03 9.538231e+03 9.546538e+03 9.521113e+03
4.6 9.524416e+03 9.516124e+03 9.550478e+03 9.558770e+03
5.6 9.517201e+03 9.522147e+03 9.553223e+03 9.548278e+03
6.6 9.554739e+03 9.545392e+03 9.553402e+03 9.562749e+03
7.6 9.508157e+03 9.549615e+03 9.553050e+03 9.511592e+03
0.2 9.603023e+03 9.580221e+03 9.554519e+03 9.577321e+03
1.2 9.573511e+03 9.583636e+03 9.549521e+03 9.539396e+03
2.2 9.512805e+03 9.538231e+03 9.546538e+03 9.521113e+03
3.2 9.524416e+03 9.516124e+03 9.550478e+03 9.558770e+03
4.2 9.517201e+03 9.522147e+03 9.553223e+03 9.548278e+03
5.2 9.554739e+03 9.545392e+03 9.553402e+03 9.562749e+03
6.2 9.508157e+03 9.549615e+03 9.553050e+03 9.511592e+03
7.2 9.557729e+03 9.552653e+03 9.552860e+03 9.557936e+03
0.2 9.568148e+03 9.554812e+03 9.558135e+03 9.571471e+03
1.2 9.572622e+03 9.582308e+03 9.555043e+03 9.545357e+03
2.2 9.587007e+03 9.540154e+03 9.547145e+03 9.593998e+03
3.2 9.544531e+03 9.521227e+03 9.555461e+03 9.578764e+03
4.2 9.609725e+03 9.582856e+03 9.557665e+03 9.584534e+03
5.2 9.545828e+03 9.573618e+03 9.551107e+03 9.523317e+03
6.2 9.562796e+03 9.561611e+03 9.552925e+03 9.554110e+03
7.2 9.576102e+03 9.574447e+03 9.549246e+03 9.550902e+03
0.3 9.544531e+03 9.521227e+03 9.555461e+03 9.578764e+03
1.3 9.609725e+03 9.582856e+03 9.557665e+03 9.584534e+03
2.3 9.545828e+03 9.573618e+03 9.551107e+03 9.523317e+03
3.3 9.562796e+03 9.561611e+03 9.552925e+03 9.554110e+03
4.3 9.576102e+03 9.574447e+03 9.549246e+03 9.550902e+03
0.9 9.545828e+03 9.573618e+03 9.551107e+03 9.523317e+03
1.9 9.562796e+03 9.561611e+03 9.552925e+03 9.554110e+03
2.9 9.576102e+03 9.574447e+03 9.549246e+03 9.550902e+03
0.5 9.562796e+03 9.561611e+03 9.552925e+03 9.554110e+03
1.5 9.576102e+03 9.574447e+03 9.549246e+03 9.550902e+03
