0.5 9.071432e+03 9.095801e+03 9.107574e+03 9.083206e+03
1.5 9.164219e+03 9.143688e+03 9.102580e+03 9.123111e+03
2.5 9.070916e+03 9.092313e+03 9.095789e+03 9.074392e+03
3.5 9.078212e+03 9.092566e+03 9.105226e+03 9.090873e+03
4.5 9.170515e+03 9.131004e+03 9.101658e+03 9.141169e+03
5.5 9.073038e+03 9.085162e+03 9.097845e+03 9.085721e+03
6.5 9.135162e+03 9.099858e+03 9.105277e+03 9.140582e+03
7.5 9.118000e+03 9.120946e+03 9.100193e+03 9.097247e+03
0.6 9.078212e+03 9.092566e+03 9.105226e+03 9.090873e+03
1.6 9.170515e+03 9.131004e+03 9.101658e+03 9.141169e+03
2.6 9.073038e+03 9.085162e+03 9.097845e+03 9.085721e+03
3.6 9.135162e+03 9.099858e+03 9.105277e+03 9.140582e+03
4.6 9.118000e+03 9.120946e+03 9.100193e+03 9.097247e+03
5.6 9.070557e+03 9.084782e+03 9.096196e+03 9.081971e+03
6.6 9.123752e+03 9.109113e+03 9.100603e+03 9.115242e+03
7.6 9.131935e+03 9.101347e+03 9.101909e+03 9.132497e+03
0.7 9.135162e+03 9.099858e+03 9.105277e+03 9.140582e+03
1.7 9.118000e+03 9.120946e+03 9.100193e+03 9.097247e+03
2.7 9.070557e+03 9.084782e+03 9.096196e+03 9.081971e+03
3.7 9.123752e+03 9.109113e+03 9.100603e+03 9.115242e+03
4.7 9.131935e+03 9.101347e+03 9.101909e+03 9.132497e+03
5.7 9.058517e+03 9.073773e+03 9.106799e+03 9.091544e+03
6.7 9.145239e+03 9.122012e+03 9.105078e+03 9.128305e+03
7.7 9.074960e+03 9.120886e+03 9.096501e+03 9.050574e+03
1.0 9.145239e+03 9.122012e+03 9.105078e+03 9.128305e+03
2.0 9.074960e+03 9.120886e+03 9.096501e+03 9.050574e+03
3.0 9.106813e+03 9.116684e+03 9.097381e+03 9.087511e+03
4.0 9.039301e+03 9.069939e+03 9.101138e+03 9.070500e+03
5.0 9.112636e+03 9.094037e+03 9.101923e+03 9.120521e+03
6.0 9.087240e+03 9.121181e+03 9.101698e+03 9.067757e+03
7.0 9.129260e+03 9.128587e+03 9.101495e+03 9.102168e+03
8.0 9.123869e+03 9.109880e+03 9.101431e+03 9.115421e+03
1.0 9.168029e+03 9.117569e+03 9.105968e+03 9.156427e+03
2.0 9.100444e+03 9.108458e+03 9.102204e+03 9.094190e+03
3.0 9.150466e+03 9.120548e+03 9.097287e+03 9.127206e+03
4.0 9.068874e+03 9.076112e+03 9.094784e+03 9.087546e+03
5.0 9.087930e+03 9.094162e+03 9.100419e+03 9.094187e+03
6.0 9.111074e+03 9.107312e+03 9.101979e+03 9.105741e+03
7.0 9.062247e+03 9.067228e+03 9.101789e+03 9.096809e+03
8.0 9.070733e+03 9.067972e+03 9.101457e+03 9.104219e+03
0.6 9.100444e+03 9.108458e+03 9.102204e+03 9.094190e+03
1.6 9.150466e+03 9.120548e+03 9.097287e+03 9.127206e+03
2.6 9.068874e+03 9.076112e+03 9.094784e+03 9.087546e+03
3.6 9.087930e+03 9.094162e+03 9.100419e+03 9.094187e+03
4.6 9.111074e+03 9.107312e+03 9.101979e+03 9.105741e+03
5.6 9.062247e+03 9.067228e+03 9.101789e+03 9.096809e+03
6.6 9.070733e+03 9.067972e+03 9.101457e+03 9.104219e+03
7.6 9.089824e+03 9.072010e+03 9.101329e+03 9.119143e+03
0.9 9.067793e+03 9.106135e+03 9.105572e+03 9.067230e+03
1.9 9.134580e+03 9.097860e+03 9.097847e+03 9.134567e+03
2.9 9.053356e+03 9.069959e+03 9.101387e+03 9.084784e+03
3.9 9.137795e+03 9.115002e+03 9.105241e+03 9.128034e+03
4.9 9.115510e+03 9.110973e+03 9.102575e+03 9.107112e+03
5.9 9.119673e+03 9.125258e+03 9.103415e+03 9.097829e+03
6.9 9.078253e+03 9.129411e+03 9.097591e+03 9.046434e+03
7.9 9.162140e+03 9.109459e+03 9.094387e+03 9.147068e+03
1.0 9.137795e+03 9.115002e+03 9.105241e+03 9.128034e+03
2.0 9.115510e+03 9.110973e+03 9.102575e+03 9.107112e+03
3.0 9.119673e+03 9.125258e+03 9.103415e+03 9.097829e+03
4.0 9.078253e+03 9.129411e+03 9.097591e+03 9.046434e+03
5.0 9.162140e+03 9.109459e+03 9.094387e+03 9.147068e+03
6.0 9.066722e+03 9.105344e+03 9.104991e+03 9.066368e+03
7.0 9.125934e+03 9.122216e+03 9.107518e+03 9.111237e+03
8.0 9.139025e+03 9.113688e+03 9.099711e+03 9.125048e+03
0.6 9.115510e+03 9.110973e+03 9.102575e+03 9.107112e+03
1.6 9.119673e+03 9.125258e+03 9.103415e+03 9.097829e+03
2.6 9.078253e+03 9.129411e+03 9.097591e+03 9.046434e+03
3.6 9.162140e+03 9.109459e+03 9.094387e+03 9.147068e+03
4.6 9.066722e+03 9.105344e+03 9.104991e+03 9.066368e+03
5.6 9.125934e+03 9.122216e+03 9.107518e+03 9.111237e+03
6.6 9.139025e+03 9.113688e+03 9.099711e+03 9.125048e+03
7.6 9.111056e+03 9.099357e+03 9.095658e+03 9.107358e+03
0.2 9.119673e+03 9.125258e+03 9.103415e+03 9.097829e+03
1.2 9.078253e+03 9.129411e+03 9.097591e+03 9.046434e+03
2.2 9.162140e+03 9.109459e+03 9.094387e+03 9.147068e+03
3.2 9.066722e+03 9.105344e+03 9.104991e+03 9.066368e+03
4.2 9.125934e+03 9.122216e+03 9.107518e+03 9.111237e+03
5.2 9.139025e+03 9.113688e+03 9.099711e+03 9.125048e+03
6.2 9.111056e+03 9.099357e+03 9.095658e+03 9.107358e+03
7.2 9.072834e+03 9.069285e+03 9.101709e+03 9.105259e+03
0.3 9.066722e+03 9.105344e+03 9.104991e+03 9.066368e+03
1.3 9.125934e+03 9.122216e+03 9.107518e+03 9.111237e+03
2.3 9.139025e+03 9.113688e+03 9.099711e+03 9.125048e+03
3.3 9.111056e+03 9.099357e+03 9.095658e+03 9.107358e+03
4.3 9.072834e+03 9.069285e+03 9.101709e+03 9.105259e+03
5.3 9.098906e+03 9.114789e+03 9.105849e+03 9.089966e+03
6.3 9.133770e+03 9.111511e+03 9.102901e+03 9.125160e+03
7.3 9.070170e+03 9.120331e+03 9.097685e+03 9.047523e+03
0.9 9.139025e+03 9.113688e+03 9.099711e+03 9.125048e+03
1.9 9.111056e+03 9.099357e+03 9.095658e+03 9.107358e+03
2.9 9.072834e+03 9.069285e+03 9.101709e+03 9.105259e+03
3.9 9.098906e+03 9.114789e+03 9.105849e+03 9.089966e+03
4.9 9.133770e+03 9.111511e+03 9.102901e+03 9.125160e+03
5.9 9.070170e+03 9.120331e+03 9.097685e+03 9.047523e+03
6.9 9.133881e+03 9.069334e+03 9.094937e+03 9.159484e+03
7.9 9.085014e+03 9.063874e+03 9.100506e+03 9.121645e+03
1.0 9.098906e+03 9.114789e+03 9.105849e+03 9.089966e+03
2.0 9.133770e+03 9.111511e+03 9.102901e+03 9.125160e+03
3.0 9.070170e+03 9.120331e+03 9.097685e+03 9.047523e+03
4.0 9.133881e+03 9.069334e+03 9.094937e+03 9.159484e+03
5.0 9.085014e+03 9.063874e+03 9.100506e+03 9.121645e+03
6.0 9.086024e+03 9.068245e+03 9.102058e+03 9.119837e+03
7.0 9.088523e+03 9.078431e+03 9.101873e+03 9.111965e+03
8.0 9.095027e+03 9.109331e+03 9.101550e+03 9.087247e+03
0.6 9.133770e+03 9.111511e+03 9.102901e+03 9.125160e+03
1.6 9.070170e+03 9.120331e+03 9.097685e+03 9.047523e+03
2.6 9.133881e+03 9.069334e+03 9.094937e+03 9.159484e+03
3.6 9.085014e+03 9.063874e+03 9.100506e+03 9.121645e+03
4.6 9.086024e+03 9.068245e+03 9.102058e+03 9.119837e+03
5.6 9.088523e+03 9.078431e+03 9.101873e+03 9.111965e+03
6.6 9.095027e+03 9.109331e+03 9.101550e+03 9.087247e+03
7.6 9.074247e+03 9.099122e+03 9.101432e+03 9.076557e+03
0.2 9.093972e+03 9.114769e+03 9.107284e+03 9.086487e+03
1.2 9.104281e+03 9.121278e+03 9.106424e+03 9.089427e+03
2.2 9.051804e+03 9.108399e+03 9.100428e+03 9.043832e+03
3.2 9.109722e+03 9.108740e+03 9.096449e+03 9.097431e+03
4.2 9.066340e+03 9.069291e+03 9.099384e+03 9.096433e+03
5.2 9.108822e+03 9.101751e+03 9.105529e+03 9.112600e+03
6.2 9.096269e+03 9.112589e+03 9.104873e+03 9.088553e+03
7.2 9.132298e+03 9.135493e+03 9.098142e+03 9.094947e+03
0.7 9.051804e+03 9.108399e+03 9.100428e+03 9.043832e+03
1.7 9.109722e+03 9.108740e+03 9.096449e+03 9.097431e+03
2.7 9.066340e+03 9.069291e+03 9.099384e+03 9.096433e+03
3.7 9.108822e+03 9.101751e+03 9.105529e+03 9.112600e+03
4.7 9.096269e+03 9.112589e+03 9.104873e+03 9.088553e+03
5.7 9.132298e+03 9.135493e+03 9.098142e+03 9.094947e+03
6.7 9.127205e+03 9.117500e+03 9.094274e+03 9.103979e+03
7.7 9.097792e+03 9.079644e+03 9.099957e+03 9.118105e+03
0.9 9.108822e+03 9.101751e+03 9.105529e+03 9.112600e+03
1.9 9.096269e+03 9.112589e+03 9.104873e+03 9.088553e+03
2.9 9.132298e+03 9.135493e+03 9.098142e+03 9.094947e+03
3.9 9.127205e+03 9.117500e+03 9.094274e+03 9.103979e+03
4.9 9.097792e+03 9.079644e+03 9.099957e+03 9.118105e+03
5.9 9.099239e+03 9.063958e+03 9.107902e+03 9.143183e+03
6.9 9.144629e+03 9.123293e+03 9.106990e+03 9.128325e+03
7.9 9.079233e+03 9.113953e+03 9.100660e+03 9.065940e+03
0.5 9.096269e+03 9.112589e+03 9.104873e+03 9.088553e+03
1.5 9.132298e+03 9.135493e+03 9.098142e+03 9.094947e+03
2.5 9.127205e+03 9.117500e+03 9.094274e+03 9.103979e+03
3.5 9.097792e+03 9.079644e+03 9.099957e+03 9.118105e+03
4.5 9.099239e+03 9.063958e+03 9.107902e+03 9.143183e+03
5.5 9.144629e+03 9.123293e+03 9.106990e+03 9.128325e+03
6.5 9.079233e+03 9.113953e+03 9.100660e+03 9.065940e+03
7.5 9.110562e+03 9.110475e+03 9.096548e+03 9.096636e+03
0.2 9.099239e+03 9.063958e+03 9.107902e+03 9.143183e+03
1.2 9.144629e+03 9.123293e+03 9.106990e+03 9.128325e+03
2.2 9.079233e+03 9.113953e+03 9.100660e+03 9.065940e+03
3.2 9.110562e+03 9.110475e+03 9.096548e+03 9.096636e+03
4.2 9.054360e+03 9.069004e+03 9.099457e+03 9.084813e+03
5.2 9.123021e+03 9.101662e+03 9.105293e+03 9.126651e+03
6.2 9.139129e+03 9.117949e+03 9.098725e+03 9.119905e+03
7.2 9.158763e+03 9.128376e+03 9.097007e+03 9.127394e+03
0.7 9.079233e+03 9.113953e+03 9.100660e+03 9.065940e+03
1.7 9.110562e+03 9.110475e+03 9.096548e+03 9.096636e+03
2.7 9.054360e+03 9.069004e+03 9.099457e+03 9.084813e+03
3.7 9.123021e+03 9.101662e+03 9.105293e+03 9.126651e+03
4.7 9.139129e+03 9.117949e+03 9.098725e+03 9.119905e+03
5.7 9.158763e+03 9.128376e+03 9.097007e+03 9.127394e+03
6.7 9.114659e+03 9.111668e+03 9.100989e+03 9.103980e+03
7.7 9.104417e+03 9.098490e+03 9.101976e+03 9.107902e+03
0.9 9.123021e+03 9.101662e+03 9.105293e+03 9.126651e+03
1.9 9.139129e+03 9.117949e+03 9.098725e+03 9.119905e+03
2.9 9.158763e+03 9.128376e+03 9.097007e+03 9.127394e+03
3.9 9.114659e+03 9.111668e+03 9.100989e+03 9.103980e+03
4.9 9.104417e+03 9.098490e+03 9.101976e+03 9.107902e+03
5.9 9.113124e+03 9.116396e+03 9.101796e+03 9.098524e+03
6.9 9.109627e+03 9.112980e+03 9.101575e+03 9.098222e+03
7.9 9.072564e+03 9.073303e+03 9.101507e+03 9.100768e+03
0.9 9.115154e+03 9.109739e+03 9.106134e+03 9.111549e+03
1.9 9.071525e+03 9.117331e+03 9.104321e+03 9.058515e+03
2.9 9.140114e+03 9.128216e+03 9.097850e+03 9.109749e+03
3.9 9.020260e+03 9.074658e+03 9.095321e+03 9.040922e+03
4.9 9.085092e+03 9.079386e+03 9.105834e+03 9.111540e+03
5.9 9.151129e+03 9.132429e+03 9.102100e+03 9.120800e+03
6.9 9.127027e+03 9.125762e+03 9.095797e+03 9.097062e+03
7.9 9.110901e+03 9.076056e+03 9.100327e+03 9.135172e+03
0.5 9.071525e+03 9.117331e+03 9.104321e+03 9.058515e+03
1.5 9.140114e+03 9.128216e+03 9.097850e+03 9.109749e+03
2.5 9.020260e+03 9.074658e+03 9.095321e+03 9.040922e+03
3.5 9.085092e+03 9.079386e+03 9.105834e+03 9.111540e+03
4.5 9.151129e+03 9.132429e+03 9.102100e+03 9.120800e+03
5.5 9.127027e+03 9.125762e+03 9.095797e+03 9.097062e+03
6.5 9.110901e+03 9.076056e+03 9.100327e+03 9.135172e+03
7.5 9.073034e+03 9.073767e+03 9.101990e+03 9.101257e+03
0.6 9.085092e+03 9.079386e+03 9.105834e+03 9.111540e+03
1.6 9.151129e+03 9.132429e+03 9.102100e+03 9.120800e+03
2.6 9.127027e+03 9.125762e+03 9.095797e+03 9.097062e+03
3.6 9.110901e+03 9.076056e+03 9.100327e+03 9.135172e+03
4.6 9.073034e+03 9.073767e+03 9.101990e+03 9.101257e+03
5.6 9.156219e+03 9.127631e+03 9.101994e+03 9.130582e+03
6.6 9.097716e+03 9.112577e+03 9.101747e+03 9.086886e+03
7.6 9.096321e+03 9.106222e+03 9.101669e+03 9.091768e+03
