0.5 9.203854e+03 9.259077e+03 9.241319e+03 9.186095e+03
1.5 9.355845e+03 9.336502e+03 9.335201e+03 9.354544e+03
2.5 9.221297e+03 9.239465e+03 9.259926e+03 9.241758e+03
3.5 9.230293e+03 9.252261e+03 9.246055e+03 9.224087e+03
4.5 9.345237e+03 9.315046e+03 9.320977e+03 9.351168e+03
5.5 9.245167e+03 9.231308e+03 9.250058e+03 9.263917e+03
6.5 9.320500e+03 9.266623e+03 9.264582e+03 9.318459e+03
7.5 9.263486e+03 9.297373e+03 9.311845e+03 9.277958e+03
0.6 9.230293e+03 9.252261e+03 9.246055e+03 9.224087e+03
1.6 9.345237e+03 9.315046e+03 9.320977e+03 9.351168e+03
2.6 9.245167e+03 9.231308e+03 9.250058e+03 9.263917e+03
3.6 9.320500e+03 9.266623e+03 9.264582e+03 9.318459e+03
4.6 9.263486e+03 9.297373e+03 9.311845e+03 9.277958e+03
5.6 9.189611e+03 9.231477e+03 9.245310e+03 9.203444e+03
6.6 9.316174e+03 9.266215e+03 9.229233e+03 9.279193e+03
7.6 9.300814e+03 9.249775e+03 9.232866e+03 9.283906e+03
0.7 9.320500e+03 9.266623e+03 9.264582e+03 9.318459e+03
1.7 9.263486e+03 9.297373e+03 9.311845e+03 9.277958e+03
2.7 9.189611e+03 9.231477e+03 9.245310e+03 9.203444e+03
3.7 9.316174e+03 9.266215e+03 9.229233e+03 9.279193e+03
4.7 9.300814e+03 9.249775e+03 9.232866e+03 9.283906e+03
5.7 9.230519e+03 9.222817e+03 9.237564e+03 9.245266e+03
6.7 9.323804e+03 9.309747e+03 9.318969e+03 9.333026e+03
7.7 9.233882e+03 9.294757e+03 9.295978e+03 9.235103e+03
1.0 9.323804e+03 9.309747e+03 9.318969e+03 9.333026e+03
2.0 9.233882e+03 9.294757e+03 9.295978e+03 9.235103e+03
3.0 9.204022e+03 9.268378e+03 9.241024e+03 9.176668e+03
4.0 9.214265e+03 9.208090e+03 9.232241e+03 9.238416e+03
5.0 9.244721e+03 9.251013e+03 9.237083e+03 9.230790e+03
6.0 9.207879e+03 9.287551e+03 9.240766e+03 9.161094e+03
7.0 9.335521e+03 9.291137e+03 9.242017e+03 9.286400e+03
8.0 9.259459e+03 9.263292e+03 9.242467e+03 9.238635e+03
1.0 9.331563e+03 9.297709e+03 9.322439e+03 9.356294e+03
2.0 9.306113e+03 9.284762e+03 9.315416e+03 9.336768e+03
3.0 9.290045e+03 9.299363e+03 9.335141e+03 9.325823e+03
4.0 9.265350e+03 9.218517e+03 9.249827e+03 9.296660e+03
5.0 9.240570e+03 9.248815e+03 9.230055e+03 9.221810e+03
6.0 9.304553e+03 9.260476e+03 9.234454e+03 9.278531e+03
7.0 9.160341e+03 9.205781e+03 9.239479e+03 9.194039e+03
8.0 9.249644e+03 9.212501e+03 9.240843e+03 9.277985e+03
0.6 9.306113e+03 9.284762e+03 9.315416e+03 9.336768e+03
1.6 9.290045e+03 9.299363e+03 9.335141e+03 9.325823e+03
2.6 9.265350e+03 9.218517e+03 9.249827e+03 9.296660e+03
3.6 9.240570e+03 9.248815e+03 9.230055e+03 9.221810e+03
4.6 9.304553e+03 9.260476e+03 9.234454e+03 9.278531e+03
5.6 9.160341e+03 9.205781e+03 9.239479e+03 9.194039e+03
6.6 9.249644e+03 9.212501e+03 9.240843e+03 9.277985e+03
7.6 9.291486e+03 9.219120e+03 9.240587e+03 9.312954e+03
0.9 9.319259e+03 9.273665e+03 9.290514e+03 9.336107e+03
1.9 9.336396e+03 9.258780e+03 9.299137e+03 9.376753e+03
2.9 9.285879e+03 9.215012e+03 9.233966e+03 9.304833e+03
3.9 9.241455e+03 9.296312e+03 9.299150e+03 9.244293e+03
4.9 9.241132e+03 9.285045e+03 9.295040e+03 9.251127e+03
5.9 9.366289e+03 9.310508e+03 9.317832e+03 9.373613e+03
6.9 9.249858e+03 9.311068e+03 9.326998e+03 9.265788e+03
7.9 9.308275e+03 9.264949e+03 9.257112e+03 9.300439e+03
1.0 9.241455e+03 9.296312e+03 9.299150e+03 9.244293e+03
2.0 9.241132e+03 9.285045e+03 9.295040e+03 9.251127e+03
3.0 9.366289e+03 9.310508e+03 9.317832e+03 9.373613e+03
4.0 9.249858e+03 9.311068e+03 9.326998e+03 9.265788e+03
5.0 9.308275e+03 9.264949e+03 9.257112e+03 9.300439e+03
6.0 9.234377e+03 9.258037e+03 9.215560e+03 9.191899e+03
7.0 9.238869e+03 9.305512e+03 9.314529e+03 9.247886e+03
8.0 9.196955e+03 9.286802e+03 9.312809e+03 9.222963e+03
0.6 9.241132e+03 9.285045e+03 9.295040e+03 9.251127e+03
1.6 9.366289e+03 9.310508e+03 9.317832e+03 9.373613e+03
2.6 9.249858e+03 9.311068e+03 9.326998e+03 9.265788e+03
3.6 9.308275e+03 9.264949e+03 9.257112e+03 9.300439e+03
4.6 9.234377e+03 9.258037e+03 9.215560e+03 9.191899e+03
5.6 9.238869e+03 9.305512e+03 9.314529e+03 9.247886e+03
6.6 9.196955e+03 9.286802e+03 9.312809e+03 9.222963e+03
7.6 9.304362e+03 9.256660e+03 9.287590e+03 9.335292e+03
0.2 9.366289e+03 9.310508e+03 9.317832e+03 9.373613e+03
1.2 9.249858e+03 9.311068e+03 9.326998e+03 9.265788e+03
2.2 9.308275e+03 9.264949e+03 9.257112e+03 9.300439e+03
3.2 9.234377e+03 9.258037e+03 9.215560e+03 9.191899e+03
4.2 9.238869e+03 9.305512e+03 9.314529e+03 9.247886e+03
5.2 9.196955e+03 9.286802e+03 9.312809e+03 9.222963e+03
6.2 9.304362e+03 9.256660e+03 9.287590e+03 9.335292e+03
7.2 9.194543e+03 9.210993e+03 9.221487e+03 9.205037e+03
0.3 9.234377e+03 9.258037e+03 9.215560e+03 9.191899e+03
1.3 9.238869e+03 9.305512e+03 9.314529e+03 9.247886e+03
2.3 9.196955e+03 9.286802e+03 9.312809e+03 9.222963e+03
3.3 9.304362e+03 9.256660e+03 9.287590e+03 9.335292e+03
4.3 9.194543e+03 9.210993e+03 9.221487e+03 9.205037e+03
5.3 9.252077e+03 9.294647e+03 9.292777e+03 9.250207e+03
6.3 9.348246e+03 9.285171e+03 9.292261e+03 9.355336e+03
7.3 9.242894e+03 9.293935e+03 9.316660e+03 9.265619e+03
0.9 9.196955e+03 9.286802e+03 9.312809e+03 9.222963e+03
1.9 9.304362e+03 9.256660e+03 9.287590e+03 9.335292e+03
2.9 9.194543e+03 9.210993e+03 9.221487e+03 9.205037e+03
3.9 9.252077e+03 9.294647e+03 9.292777e+03 9.250207e+03
4.9 9.348246e+03 9.285171e+03 9.292261e+03 9.355336e+03
5.9 9.242894e+03 9.293935e+03 9.316660e+03 9.265619e+03
6.9 9.250531e+03 9.202048e+03 9.233062e+03 9.281545e+03
7.9 9.163149e+03 9.199564e+03 9.214069e+03 9.177655e+03
1.0 9.252077e+03 9.294647e+03 9.292777e+03 9.250207e+03
2.0 9.348246e+03 9.285171e+03 9.292261e+03 9.355336e+03
3.0 9.242894e+03 9.293935e+03 9.316660e+03 9.265619e+03
4.0 9.250531e+03 9.202048e+03 9.233062e+03 9.281545e+03
5.0 9.163149e+03 9.199564e+03 9.214069e+03 9.177655e+03
6.0 9.199357e+03 9.209127e+03 9.219129e+03 9.209359e+03
7.0 9.198651e+03 9.227949e+03 9.224822e+03 9.195524e+03
8.0 9.391221e+03 9.267758e+03 9.226903e+03 9.350365e+03
0.6 9.348246e+03 9.285171e+03 9.292261e+03 9.355336e+03
1.6 9.242894e+03 9.293935e+03 9.316660e+03 9.265619e+03
2.6 9.250531e+03 9.202048e+03 9.233062e+03 9.281545e+03
3.6 9.163149e+03 9.199564e+03 9.214069e+03 9.177655e+03
4.6 9.199357e+03 9.209127e+03 9.219129e+03 9.209359e+03
5.6 9.198651e+03 9.227949e+03 9.224822e+03 9.195524e+03
6.6 9.391221e+03 9.267758e+03 9.226903e+03 9.350365e+03
7.6 9.150322e+03 9.244916e+03 9.227458e+03 9.132864e+03
0.2 9.247427e+03 9.274359e+03 9.227828e+03 9.200896e+03
1.2 9.322398e+03 9.303170e+03 9.321632e+03 9.340861e+03
2.2 9.264054e+03 9.279914e+03 9.307649e+03 9.291789e+03
3.2 9.180407e+03 9.275069e+03 9.306106e+03 9.211444e+03
4.2 9.172898e+03 9.209047e+03 9.228830e+03 9.192681e+03
5.2 9.265740e+03 9.272570e+03 9.274270e+03 9.267440e+03
6.2 9.257287e+03 9.290505e+03 9.294591e+03 9.261373e+03
7.2 9.346451e+03 9.323698e+03 9.329510e+03 9.352263e+03
0.7 9.264054e+03 9.279914e+03 9.307649e+03 9.291789e+03
1.7 9.180407e+03 9.275069e+03 9.306106e+03 9.211444e+03
2.7 9.172898e+03 9.209047e+03 9.228830e+03 9.192681e+03
3.7 9.265740e+03 9.272570e+03 9.274270e+03 9.267440e+03
4.7 9.257287e+03 9.290505e+03 9.294591e+03 9.261373e+03
5.7 9.346451e+03 9.323698e+03 9.329510e+03 9.352263e+03
6.7 9.278072e+03 9.268763e+03 9.242614e+03 9.251923e+03
7.7 9.194585e+03 9.212735e+03 9.216326e+03 9.198176e+03
0.9 9.265740e+03 9.272570e+03 9.274270e+03 9.267440e+03
1.9 9.257287e+03 9.290505e+03 9.294591e+03 9.261373e+03
2.9 9.346451e+03 9.323698e+03 9.329510e+03 9.352263e+03
3.9 9.278072e+03 9.268763e+03 9.242614e+03 9.251923e+03
4.9 9.194585e+03 9.212735e+03 9.216326e+03 9.198176e+03
5.9 9.243581e+03 9.208750e+03 9.219944e+03 9.254774e+03
6.9 9.344117e+03 9.314154e+03 9.320032e+03 9.349996e+03
7.9 9.338311e+03 9.289406e+03 9.308768e+03 9.357673e+03
0.5 9.257287e+03 9.290505e+03 9.294591e+03 9.261373e+03
1.5 9.346451e+03 9.323698e+03 9.329510e+03 9.352263e+03
2.5 9.278072e+03 9.268763e+03 9.242614e+03 9.251923e+03
3.5 9.194585e+03 9.212735e+03 9.216326e+03 9.198176e+03
4.5 9.243581e+03 9.208750e+03 9.219944e+03 9.254774e+03
5.5 9.344117e+03 9.314154e+03 9.320032e+03 9.349996e+03
6.5 9.338311e+03 9.289406e+03 9.308768e+03 9.357673e+03
7.5 9.317252e+03 9.277496e+03 9.308202e+03 9.347957e+03
0.2 9.243581e+03 9.208750e+03 9.219944e+03 9.254774e+03
1.2 9.344117e+03 9.314154e+03 9.320032e+03 9.349996e+03
2.2 9.338311e+03 9.289406e+03 9.308768e+03 9.357673e+03
3.2 9.317252e+03 9.277496e+03 9.308202e+03 9.347957e+03
4.2 9.186726e+03 9.209017e+03 9.231527e+03 9.209236e+03
5.2 9.364805e+03 9.273135e+03 9.277516e+03 9.369186e+03
6.2 9.274131e+03 9.294295e+03 9.293513e+03 9.273348e+03
7.2 9.295396e+03 9.288522e+03 9.234958e+03 9.241832e+03
0.7 9.338311e+03 9.289406e+03 9.308768e+03 9.357673e+03
1.7 9.317252e+03 9.277496e+03 9.308202e+03 9.347957e+03
2.7 9.186726e+03 9.209017e+03 9.231527e+03 9.209236e+03
3.7 9.364805e+03 9.273135e+03 9.277516e+03 9.369186e+03
4.7 9.274131e+03 9.294295e+03 9.293513e+03 9.273348e+03
5.7 9.295396e+03 9.288522e+03 9.234958e+03 9.241832e+03
6.7 9.309414e+03 9.260662e+03 9.223841e+03 9.272594e+03
7.7 9.251769e+03 9.248243e+03 9.228680e+03 9.232205e+03
0.9 9.364805e+03 9.273135e+03 9.277516e+03 9.369186e+03
1.9 9.274131e+03 9.294295e+03 9.293513e+03 9.273348e+03
2.9 9.295396e+03 9.288522e+03 9.234958e+03 9.241832e+03
3.9 9.309414e+03 9.260662e+03 9.223841e+03 9.272594e+03
4.9 9.251769e+03 9.248243e+03 9.228680e+03 9.232205e+03
5.9 9.274350e+03 9.275890e+03 9.233239e+03 9.231699e+03
6.9 9.230548e+03 9.264743e+03 9.235205e+03 9.201010e+03
7.9 9.130683e+03 9.210395e+03 9.236237e+03 9.156526e+03
0.9 9.315252e+03 9.290648e+03 9.297778e+03 9.322382e+03
1.9 9.249015e+03 9.300843e+03 9.313275e+03 9.261446e+03
2.9 9.359191e+03 9.311587e+03 9.344173e+03 9.391778e+03
3.9 9.142923e+03 9.215696e+03 9.256611e+03 9.183837e+03
4.9 9.303635e+03 9.237283e+03 9.247598e+03 9.313949e+03
5.9 9.310899e+03 9.327042e+03 9.327317e+03 9.311174e+03
6.9 9.369630e+03 9.285025e+03 9.258602e+03 9.343207e+03
7.9 9.173377e+03 9.213267e+03 9.238316e+03 9.198426e+03
0.5 9.249015e+03 9.300843e+03 9.313275e+03 9.261446e+03
1.5 9.359191e+03 9.311587e+03 9.344173e+03 9.391778e+03
2.5 9.142923e+03 9.215696e+03 9.256611e+03 9.183837e+03
3.5 9.303635e+03 9.237283e+03 9.247598e+03 9.313949e+03
4.5 9.310899e+03 9.327042e+03 9.327317e+03 9.311174e+03
5.5 9.369630e+03 9.285025e+03 9.258602e+03 9.343207e+03
6.5 9.173377e+03 9.213267e+03 9.238316e+03 9.198426e+03
7.5 9.251373e+03 9.225709e+03 9.241734e+03 9.267397e+03
0.6 9.303635e+03 9.237283e+03 9.247598e+03 9.313949e+03
1.6 9.310899e+03 9.327042e+03 9.327317e+03 9.311174e+03
2.6 9.369630e+03 9.285025e+03 9.258602e+03 9.343207e+03
3.6 9.173377e+03 9.213267e+03 9.238316e+03 9.198426e+03
4.6 9.251373e+03 9.225709e+03 9.241734e+03 9.267397e+03
5.6 9.239578e+03 9.298803e+03 9.247896e+03 9.188671e+03
6.6 9.308891e+03 9.271071e+03 9.251359e+03 9.289179e+03
7.6 9.260440e+03 9.265996e+03 9.253573e+03 9.248018e+03
