0.5 8.063436e+03 8.245721e+03 8.229819e+03 8.047534e+03
1.5 8.342810e+03 8.409740e+03 8.412268e+03 8.345337e+03
2.5 7.965756e+03 8.240344e+03 8.265980e+03 7.991392e+03
3.5 8.311608e+03 8.234187e+03 8.239022e+03 8.316443e+03
4.5 8.512738e+03 8.365439e+03 8.384624e+03 8.531923e+03
5.5 8.143040e+03 8.212735e+03 8.246802e+03 8.177107e+03
6.5 8.368027e+03 8.256643e+03 8.275027e+03 8.386412e+03
7.5 8.400195e+03 8.330468e+03 8.366877e+03 8.436604e+03
0.6 8.311608e+03 8.234187e+03 8.239022e+03 8.316443e+03
1.6 8.512738e+03 8.365439e+03 8.384624e+03 8.531923e+03
2.6 8.143040e+03 8.212735e+03 8.246802e+03 8.177107e+03
3.6 8.368027e+03 8.256643e+03 8.275027e+03 8.386412e+03
4.6 8.400195e+03 8.330468e+03 8.366877e+03 8.436604e+03
5.6 8.126153e+03 8.208580e+03 8.237574e+03 8.155147e+03
6.6 8.248327e+03 8.304071e+03 8.206332e+03 8.150589e+03
7.6 8.348293e+03 8.283501e+03 8.213392e+03 8.278185e+03
0.7 8.368027e+03 8.256643e+03 8.275027e+03 8.386412e+03
1.7 8.400195e+03 8.330468e+03 8.366877e+03 8.436604e+03
2.7 8.126153e+03 8.208580e+03 8.237574e+03 8.155147e+03
3.7 8.248327e+03 8.304071e+03 8.206332e+03 8.150589e+03
4.7 8.348293e+03 8.283501e+03 8.213392e+03 8.278185e+03
5.7 8.224954e+03 8.168668e+03 8.222523e+03 8.278809e+03
6.7 8.364235e+03 8.325155e+03 8.380722e+03 8.419802e+03
7.7 8.246201e+03 8.329537e+03 8.336042e+03 8.252706e+03
1.0 8.364235e+03 8.325155e+03 8.380722e+03 8.419802e+03
2.0 8.246201e+03 8.329537e+03 8.336042e+03 8.252706e+03
3.0 8.499697e+03 8.340881e+03 8.229246e+03 8.388062e+03
4.0 8.021314e+03 8.160706e+03 8.212177e+03 8.072784e+03
5.0 8.195264e+03 8.240609e+03 8.221587e+03 8.176241e+03
6.0 8.260898e+03 8.345184e+03 8.228745e+03 8.144459e+03
7.0 8.293709e+03 8.382085e+03 8.231175e+03 8.142799e+03
8.0 8.300381e+03 8.313395e+03 8.232051e+03 8.219036e+03
1.0 8.464874e+03 8.317066e+03 8.387466e+03 8.535274e+03
2.0 8.287478e+03 8.278819e+03 8.373818e+03 8.382477e+03
3.0 8.407391e+03 8.322983e+03 8.412150e+03 8.496558e+03
4.0 8.053537e+03 8.175472e+03 8.246354e+03 8.124420e+03
5.0 8.343040e+03 8.242568e+03 8.207929e+03 8.308401e+03
6.0 8.420939e+03 8.303052e+03 8.216479e+03 8.334366e+03
7.0 8.065043e+03 8.149255e+03 8.226244e+03 8.142032e+03
8.0 8.131596e+03 8.144183e+03 8.228894e+03 8.216307e+03
0.6 8.287478e+03 8.278819e+03 8.373818e+03 8.382477e+03
1.6 8.407391e+03 8.322983e+03 8.412150e+03 8.496558e+03
2.6 8.053537e+03 8.175472e+03 8.246354e+03 8.124420e+03
3.6 8.343040e+03 8.242568e+03 8.207929e+03 8.308401e+03
4.6 8.420939e+03 8.303052e+03 8.216479e+03 8.334366e+03
5.6 8.065043e+03 8.149255e+03 8.226244e+03 8.142032e+03
6.6 8.131596e+03 8.144183e+03 8.228894e+03 8.216307e+03
7.6 8.262325e+03 8.158051e+03 8.228397e+03 8.332671e+03
0.9 8.127902e+03 8.283505e+03 8.325423e+03 8.169820e+03
1.9 8.392847e+03 8.248767e+03 8.342181e+03 8.486261e+03
2.9 7.965644e+03 8.151875e+03 8.215529e+03 8.029299e+03
3.9 8.304787e+03 8.303251e+03 8.342206e+03 8.343742e+03
4.9 8.448625e+03 8.292681e+03 8.334219e+03 8.490163e+03
5.9 8.310269e+03 8.340760e+03 8.378512e+03 8.348020e+03
6.9 8.188037e+03 8.357656e+03 8.396325e+03 8.226706e+03
7.9 8.354953e+03 8.301807e+03 8.260512e+03 8.313657e+03
1.0 8.304787e+03 8.303251e+03 8.342206e+03 8.343742e+03
2.0 8.448625e+03 8.292681e+03 8.334219e+03 8.490163e+03
3.0 8.310269e+03 8.340760e+03 8.378512e+03 8.348020e+03
4.0 8.188037e+03 8.357656e+03 8.396325e+03 8.226706e+03
5.0 8.354953e+03 8.301807e+03 8.260512e+03 8.313657e+03
6.0 8.226052e+03 8.297947e+03 8.179760e+03 8.107864e+03
7.0 8.317060e+03 8.334386e+03 8.372093e+03 8.354766e+03
8.0 8.410469e+03 8.303054e+03 8.368752e+03 8.476166e+03
0.6 8.448625e+03 8.292681e+03 8.334219e+03 8.490163e+03
1.6 8.310269e+03 8.340760e+03 8.378512e+03 8.348020e+03
2.6 8.188037e+03 8.357656e+03 8.396325e+03 8.226706e+03
3.6 8.354953e+03 8.301807e+03 8.260512e+03 8.313657e+03
4.6 8.226052e+03 8.297947e+03 8.179760e+03 8.107864e+03
5.6 8.317060e+03 8.334386e+03 8.372093e+03 8.354766e+03
6.6 8.410469e+03 8.303054e+03 8.368752e+03 8.476166e+03
7.6 8.245751e+03 8.257599e+03 8.319740e+03 8.307893e+03
0.2 8.310269e+03 8.340760e+03 8.378512e+03 8.348020e+03
1.2 8.188037e+03 8.357656e+03 8.396325e+03 8.226706e+03
2.2 8.354953e+03 8.301807e+03 8.260512e+03 8.313657e+03
3.2 8.226052e+03 8.297947e+03 8.179760e+03 8.107864e+03
4.2 8.317060e+03 8.334386e+03 8.372093e+03 8.354766e+03
5.2 8.410469e+03 8.303054e+03 8.368752e+03 8.476166e+03
6.2 8.245751e+03 8.257599e+03 8.319740e+03 8.307893e+03
7.2 8.119532e+03 8.153533e+03 8.191278e+03 8.157276e+03
0.3 8.226052e+03 8.297947e+03 8.179760e+03 8.107864e+03
1.3 8.317060e+03 8.334386e+03 8.372093e+03 8.354766e+03
2.3 8.410469e+03 8.303054e+03 8.368752e+03 8.476166e+03
3.3 8.245751e+03 8.257599e+03 8.319740e+03 8.307893e+03
4.3 8.119532e+03 8.153533e+03 8.191278e+03 8.157276e+03
5.3 8.370066e+03 8.304779e+03 8.329820e+03 8.395108e+03
6.3 8.445521e+03 8.295842e+03 8.328817e+03 8.478497e+03
7.3 8.219228e+03 8.329079e+03 8.376236e+03 8.266384e+03
0.9 8.410469e+03 8.303054e+03 8.368752e+03 8.476166e+03
1.9 8.245751e+03 8.257599e+03 8.319740e+03 8.307893e+03
2.9 8.119532e+03 8.153533e+03 8.191278e+03 8.157276e+03
3.9 8.370066e+03 8.304779e+03 8.329820e+03 8.395108e+03
4.9 8.445521e+03 8.295842e+03 8.328817e+03 8.478497e+03
5.9 8.219228e+03 8.329079e+03 8.376236e+03 8.266384e+03
6.9 8.389552e+03 8.158970e+03 8.213772e+03 8.444354e+03
7.9 8.381660e+03 8.136812e+03 8.176863e+03 8.421711e+03
1.0 8.370066e+03 8.304779e+03 8.329820e+03 8.395108e+03
2.0 8.445521e+03 8.295842e+03 8.328817e+03 8.478497e+03
3.0 8.219228e+03 8.329079e+03 8.376236e+03 8.266384e+03
4.0 8.389552e+03 8.158970e+03 8.213772e+03 8.444354e+03
5.0 8.381660e+03 8.136812e+03 8.176863e+03 8.421711e+03
6.0 8.129014e+03 8.150462e+03 8.186695e+03 8.165248e+03
7.0 8.161795e+03 8.182858e+03 8.197760e+03 8.176697e+03
8.0 8.211333e+03 8.304179e+03 8.201803e+03 8.108957e+03
0.6 8.445521e+03 8.295842e+03 8.328817e+03 8.478497e+03
1.6 8.219228e+03 8.329079e+03 8.376236e+03 8.266384e+03
2.6 8.389552e+03 8.158970e+03 8.213772e+03 8.444354e+03
3.6 8.381660e+03 8.136812e+03 8.176863e+03 8.421711e+03
4.6 8.129014e+03 8.150462e+03 8.186695e+03 8.165248e+03
5.6 8.161795e+03 8.182858e+03 8.197760e+03 8.176697e+03
6.6 8.211333e+03 8.304179e+03 8.201803e+03 8.108957e+03
7.6 8.289130e+03 8.276809e+03 8.202881e+03 8.215202e+03
0.2 8.263616e+03 8.332047e+03 8.203601e+03 8.135170e+03
1.2 8.318003e+03 8.331211e+03 8.385898e+03 8.372689e+03
2.2 7.963873e+03 8.282981e+03 8.358724e+03 8.039615e+03
3.2 8.323134e+03 8.287242e+03 8.355724e+03 8.391616e+03
4.2 8.150112e+03 8.153896e+03 8.205548e+03 8.201764e+03
5.2 8.297737e+03 8.259851e+03 8.293855e+03 8.331741e+03
6.2 8.341055e+03 8.296891e+03 8.333346e+03 8.377510e+03
7.2 8.416688e+03 8.375809e+03 8.401207e+03 8.442086e+03
0.7 7.963873e+03 8.282981e+03 8.358724e+03 8.039615e+03
1.7 8.323134e+03 8.287242e+03 8.355724e+03 8.391616e+03
2.7 8.150112e+03 8.153896e+03 8.205548e+03 8.201764e+03
3.7 8.297737e+03 8.259851e+03 8.293855e+03 8.331741e+03
4.7 8.341055e+03 8.296891e+03 8.333346e+03 8.377510e+03
5.7 8.416688e+03 8.375809e+03 8.401207e+03 8.442086e+03
6.7 8.338948e+03 8.341813e+03 8.232336e+03 8.229471e+03
7.7 8.278294e+03 8.207879e+03 8.181249e+03 8.251664e+03
0.9 8.297737e+03 8.259851e+03 8.293855e+03 8.331741e+03
1.9 8.341055e+03 8.296891e+03 8.333346e+03 8.377510e+03
2.9 8.416688e+03 8.375809e+03 8.401207e+03 8.442086e+03
3.9 8.338948e+03 8.341813e+03 8.232336e+03 8.229471e+03
4.9 8.278294e+03 8.207879e+03 8.181249e+03 8.251664e+03
5.9 8.173095e+03 8.132757e+03 8.188279e+03 8.228617e+03
6.9 8.325462e+03 8.328510e+03 8.382788e+03 8.379740e+03
7.9 8.166372e+03 8.301986e+03 8.360898e+03 8.225284e+03
0.5 8.341055e+03 8.296891e+03 8.333346e+03 8.377510e+03
1.5 8.416688e+03 8.375809e+03 8.401207e+03 8.442086e+03
2.5 8.338948e+03 8.341813e+03 8.232336e+03 8.229471e+03
3.5 8.278294e+03 8.207879e+03 8.181249e+03 8.251664e+03
4.5 8.173095e+03 8.132757e+03 8.188279e+03 8.228617e+03
5.5 8.325462e+03 8.328510e+03 8.382788e+03 8.379740e+03
6.5 8.166372e+03 8.301986e+03 8.360898e+03 8.225284e+03
7.5 8.452176e+03 8.293956e+03 8.359797e+03 8.518017e+03
0.2 8.173095e+03 8.132757e+03 8.188279e+03 8.228617e+03
1.2 8.325462e+03 8.328510e+03 8.382788e+03 8.379740e+03
2.2 8.166372e+03 8.301986e+03 8.360898e+03 8.225284e+03
3.2 8.452176e+03 8.293956e+03 8.359797e+03 8.518017e+03
4.2 8.119017e+03 8.152439e+03 8.210790e+03 8.177368e+03
5.2 8.288084e+03 8.258408e+03 8.300162e+03 8.329838e+03
6.2 8.483184e+03 8.315792e+03 8.331251e+03 8.498642e+03
7.2 8.527981e+03 8.379631e+03 8.217457e+03 8.365807e+03
0.7 8.166372e+03 8.301986e+03 8.360898e+03 8.225284e+03
1.7 8.452176e+03 8.293956e+03 8.359797e+03 8.518017e+03
2.7 8.119017e+03 8.152439e+03 8.210790e+03 8.177368e+03
3.7 8.288084e+03 8.258408e+03 8.300162e+03 8.329838e+03
4.7 8.483184e+03 8.315792e+03 8.331251e+03 8.498642e+03
5.7 8.527981e+03 8.379631e+03 8.217457e+03 8.365807e+03
6.7 8.277779e+03 8.326225e+03 8.195853e+03 8.147407e+03
7.7 8.298651e+03 8.269383e+03 8.205257e+03 8.234526e+03
0.9 8.288084e+03 8.258408e+03 8.300162e+03 8.329838e+03
1.9 8.483184e+03 8.315792e+03 8.331251e+03 8.498642e+03
2.9 8.527981e+03 8.379631e+03 8.217457e+03 8.365807e+03
3.9 8.277779e+03 8.326225e+03 8.195853e+03 8.147407e+03
4.9 8.298651e+03 8.269383e+03 8.205257e+03 8.234526e+03
5.9 8.299864e+03 8.333649e+03 8.214117e+03 8.180332e+03
6.9 8.228293e+03 8.329004e+03 8.217937e+03 8.117226e+03
7.9 8.201136e+03 8.177102e+03 8.219944e+03 8.243978e+03
0.9 8.262735e+03 8.281947e+03 8.339540e+03 8.320329e+03
1.9 8.093229e+03 8.309682e+03 8.369656e+03 8.153203e+03
2.9 8.383401e+03 8.350778e+03 8.429703e+03 8.462327e+03
3.9 8.037561e+03 8.171686e+03 8.259537e+03 8.125411e+03
4.9 8.073054e+03 8.180298e+03 8.242021e+03 8.134776e+03
5.9 8.507673e+03 8.358066e+03 8.396945e+03 8.546552e+03
6.9 8.327037e+03 8.368691e+03 8.263407e+03 8.221753e+03
7.9 8.461504e+03 8.187657e+03 8.223983e+03 8.497830e+03
0.5 8.093229e+03 8.309682e+03 8.369656e+03 8.153203e+03
1.5 8.383401e+03 8.350778e+03 8.429703e+03 8.462327e+03
2.5 8.037561e+03 8.171686e+03 8.259537e+03 8.125411e+03
3.5 8.073054e+03 8.180298e+03 8.242021e+03 8.134776e+03
4.5 8.507673e+03 8.358066e+03 8.396945e+03 8.546552e+03
5.5 8.327037e+03 8.368691e+03 8.263407e+03 8.221753e+03
6.5 8.461504e+03 8.187657e+03 8.223983e+03 8.497830e+03
7.5 8.231513e+03 8.159898e+03 8.230625e+03 8.302239e+03
0.6 8.073054e+03 8.180298e+03 8.242021e+03 8.134776e+03
1.6 8.507673e+03 8.358066e+03 8.396945e+03 8.546552e+03
2.6 8.327037e+03 8.368691e+03 8.263407e+03 8.221753e+03
3.6 8.461504e+03 8.187657e+03 8.223983e+03 8.497830e+03
4.6 8.231513e+03 8.159898e+03 8.230625e+03 8.302239e+03
5.6 8.490636e+03 8.367078e+03 8.242601e+03 8.366158e+03
6.6 8.203379e+03 8.318752e+03 8.249331e+03 8.133957e+03
7.6 8.321908e+03 8.289547e+03 8.253633e+03 8.285994e+03
