0.9 1.073452e+04 1.068760e+04 1.068683e+04 1.073375e+04
1.9 1.072799e+04 1.067368e+04 1.068447e+04 1.073877e+04
2.9 1.066493e+04 1.069498e+04 1.070434e+04 1.067429e+04
3.9 1.075429e+04 1.072175e+04 1.070885e+04 1.074139e+04
4.9 1.070611e+04 1.071685e+04 1.070310e+04 1.069236e+04
5.9 1.067033e+04 1.067400e+04 1.067966e+04 1.067599e+04
6.9 1.065031e+04 1.069079e+04 1.070256e+04 1.066208e+04
7.9 1.070991e+04 1.070143e+04 1.069913e+04 1.070761e+04
0.6 1.070611e+04 1.071685e+04 1.070310e+04 1.069236e+04
1.6 1.067033e+04 1.067400e+04 1.067966e+04 1.067599e+04
2.6 1.065031e+04 1.069079e+04 1.070256e+04 1.066208e+04
3.6 1.070991e+04 1.070143e+04 1.069913e+04 1.070761e+04
4.6 1.068067e+04 1.068995e+04 1.068518e+04 1.067589e+04
5.6 1.070383e+04 1.067281e+04 1.067558e+04 1.070659e+04
6.6 1.068149e+04 1.067508e+04 1.068323e+04 1.068964e+04
7.6 1.068354e+04 1.068740e+04 1.068952e+04 1.068565e+04
0.7 1.070991e+04 1.070143e+04 1.069913e+04 1.070761e+04
1.7 1.068067e+04 1.068995e+04 1.068518e+04 1.067589e+04
2.7 1.070383e+04 1.067281e+04 1.067558e+04 1.070659e+04
3.7 1.068149e+04 1.067508e+04 1.068323e+04 1.068964e+04
4.7 1.068354e+04 1.068740e+04 1.068952e+04 1.068565e+04
5.7 1.067925e+04 1.067426e+04 1.068016e+04 1.068516e+04
6.7 1.071655e+04 1.070737e+04 1.070504e+04 1.071423e+04
7.7 1.071005e+04 1.072050e+04 1.071232e+04 1.070188e+04
0.3 1.068067e+04 1.068995e+04 1.068518e+04 1.067589e+04
1.3 1.070383e+04 1.067281e+04 1.067558e+04 1.070659e+04
2.3 1.068149e+04 1.067508e+04 1.068323e+04 1.068964e+04
3.3 1.068354e+04 1.068740e+04 1.068952e+04 1.068565e+04
4.3 1.067925e+04 1.067426e+04 1.068016e+04 1.068516e+04
5.3 1.071655e+04 1.070737e+04 1.070504e+04 1.071423e+04
6.3 1.071005e+04 1.072050e+04 1.071232e+04 1.070188e+04
7.3 1.073263e+04 1.072318e+04 1.071113e+04 1.072058e+04
0.9 1.068149e+04 1.067508e+04 1.068323e+04 1.068964e+04
1.9 1.068354e+04 1.068740e+04 1.068952e+04 1.068565e+04
2.9 1.067925e+04 1.067426e+04 1.068016e+04 1.068516e+04
3.9 1.071655e+04 1.070737e+04 1.070504e+04 1.071423e+04
4.9 1.071005e+04 1.072050e+04 1.071232e+04 1.070188e+04
5.9 1.073263e+04 1.072318e+04 1.071113e+04 1.072058e+04
6.9 1.071942e+04 1.070863e+04 1.070929e+04 1.072007e+04
7.9 1.073189e+04 1.070066e+04 1.069765e+04 1.072888e+04
0.5 1.068354e+04 1.068740e+04 1.068952e+04 1.068565e+04
1.5 1.067925e+04 1.067426e+04 1.068016e+04 1.068516e+04
2.5 1.071655e+04 1.070737e+04 1.070504e+04 1.071423e+04
3.5 1.071005e+04 1.072050e+04 1.071232e+04 1.070188e+04
4.5 1.073263e+04 1.072318e+04 1.071113e+04 1.072058e+04
5.5 1.071942e+04 1.070863e+04 1.070929e+04 1.072007e+04
6.5 1.073189e+04 1.070066e+04 1.069765e+04 1.072888e+04
7.5 1.067437e+04 1.067680e+04 1.068386e+04 1.068144e+04
0.7 1.073189e+04 1.070066e+04 1.069765e+04 1.072888e+04
1.7 1.067437e+04 1.067680e+04 1.068386e+04 1.068144e+04
2.7 1.072944e+04 1.069266e+04 1.070534e+04 1.074211e+04
3.7 1.073073e+04 1.070600e+04 1.071074e+04 1.073547e+04
4.7 1.066327e+04 1.070728e+04 1.070978e+04 1.066578e+04
5.7 1.065251e+04 1.070560e+04 1.070840e+04 1.065531e+04
6.7 1.070571e+04 1.070622e+04 1.070783e+04 1.070732e+04
7.7 1.071720e+04 1.070847e+04 1.070256e+04 1.071129e+04
0.6 1.071720e+04 1.070847e+04 1.070256e+04 1.071129e+04
1.6 1.067241e+04 1.068521e+04 1.067968e+04 1.066687e+04
2.6 1.066590e+04 1.066750e+04 1.067411e+04 1.067251e+04
3.6 1.072270e+04 1.067690e+04 1.068536e+04 1.073117e+04
4.6 1.071900e+04 1.068314e+04 1.068501e+04 1.072087e+04
5.6 1.064461e+04 1.066827e+04 1.067672e+04 1.065306e+04
6.6 1.069466e+04 1.069645e+04 1.070030e+04 1.069851e+04
7.6 1.070051e+04 1.071176e+04 1.070977e+04 1.069852e+04
0.2 1.067241e+04 1.068521e+04 1.067968e+04 1.066687e+04
1.2 1.066590e+04 1.066750e+04 1.067411e+04 1.067251e+04
2.2 1.072270e+04 1.067690e+04 1.068536e+04 1.073117e+04
3.2 1.071900e+04 1.068314e+04 1.068501e+04 1.072087e+04
4.2 1.064461e+04 1.066827e+04 1.067672e+04 1.065306e+04
5.2 1.069466e+04 1.069645e+04 1.070030e+04 1.069851e+04
6.2 1.070051e+04 1.071176e+04 1.070977e+04 1.069852e+04
7.2 1.062907e+04 1.070550e+04 1.070890e+04 1.063247e+04
0.7 1.072270e+04 1.067690e+04 1.068536e+04 1.073117e+04
1.7 1.071900e+04 1.068314e+04 1.068501e+04 1.072087e+04
2.7 1.064461e+04 1.066827e+04 1.067672e+04 1.065306e+04
3.7 1.069466e+04 1.069645e+04 1.070030e+04 1.069851e+04
4.7 1.070051e+04 1.071176e+04 1.070977e+04 1.069852e+04
5.7 1.062907e+04 1.070550e+04 1.070890e+04 1.063247e+04
6.7 1.071101e+04 1.071692e+04 1.070674e+04 1.070082e+04
7.7 1.071727e+04 1.071303e+04 1.070568e+04 1.070992e+04
0.3 1.071900e+04 1.068314e+04 1.068501e+04 1.072087e+04
1.3 1.064461e+04 1.066827e+04 1.067672e+04 1.065306e+04
2.3 1.069466e+04 1.069645e+04 1.070030e+04 1.069851e+04
3.3 1.070051e+04 1.071176e+04 1.070977e+04 1.069852e+04
4.3 1.062907e+04 1.070550e+04 1.070890e+04 1.063247e+04
5.3 1.071101e+04 1.071692e+04 1.070674e+04 1.070082e+04
6.3 1.071727e+04 1.071303e+04 1.070568e+04 1.070992e+04
7.3 1.074929e+04 1.071679e+04 1.070528e+04 1.073778e+04
0.7 1.071200e+04 1.069812e+04 1.069398e+04 1.070787e+04
1.7 1.061687e+04 1.067149e+04 1.068023e+04 1.062561e+04
2.7 1.073020e+04 1.070528e+04 1.070167e+04 1.072659e+04
3.7 1.072878e+04 1.071390e+04 1.070707e+04 1.072195e+04
4.7 1.071015e+04 1.070862e+04 1.070613e+04 1.070766e+04
5.7 1.071155e+04 1.069891e+04 1.070480e+04 1.071744e+04
6.7 1.074635e+04 1.071277e+04 1.070432e+04 1.073790e+04
7.7 1.073391e+04 1.071079e+04 1.070423e+04 1.072735e+04
0.9 1.070458e+04 1.068795e+04 1.068671e+04 1.070334e+04
1.9 1.065380e+04 1.067217e+04 1.068386e+04 1.066548e+04
2.9 1.066220e+04 1.069781e+04 1.070330e+04 1.066769e+04
3.9 1.064205e+04 1.068408e+04 1.068344e+04 1.064141e+04
4.9 1.065727e+04 1.068071e+04 1.068452e+04 1.066108e+04
5.9 1.060388e+04 1.066843e+04 1.067752e+04 1.061298e+04
6.9 1.064983e+04 1.070564e+04 1.070296e+04 1.064714e+04
7.9 1.066892e+04 1.071519e+04 1.070889e+04 1.066262e+04
1.0 1.064205e+04 1.068408e+04 1.068344e+04 1.064141e+04
2.0 1.065727e+04 1.068071e+04 1.068452e+04 1.066108e+04
3.0 1.060388e+04 1.066843e+04 1.067752e+04 1.061298e+04
4.0 1.064983e+04 1.070564e+04 1.070296e+04 1.064714e+04
5.0 1.066892e+04 1.071519e+04 1.070889e+04 1.066262e+04
6.0 1.073847e+04 1.071396e+04 1.070756e+04 1.073206e+04
7.0 1.072098e+04 1.070020e+04 1.070601e+04 1.072680e+04
8.0 1.073872e+04 1.071057e+04 1.070556e+04 1.073371e+04
0.6 1.065727e+04 1.068071e+04 1.068452e+04 1.066108e+04
1.6 1.060388e+04 1.066843e+04 1.067752e+04 1.061298e+04
2.6 1.064983e+04 1.070564e+04 1.070296e+04 1.064714e+04
3.6 1.066892e+04 1.071519e+04 1.070889e+04 1.066262e+04
4.6 1.073847e+04 1.071396e+04 1.070756e+04 1.073206e+04
5.6 1.072098e+04 1.070020e+04 1.070601e+04 1.072680e+04
6.6 1.073872e+04 1.071057e+04 1.070556e+04 1.073371e+04
7.6 1.071035e+04 1.071356e+04 1.070555e+04 1.070234e+04
1.0 1.070190e+04 1.068029e+04 1.068180e+04 1.070341e+04
2.0 1.068961e+04 1.067207e+04 1.068909e+04 1.070663e+04
3.0 1.072094e+04 1.069573e+04 1.070595e+04 1.073115e+04
4.0 1.070941e+04 1.072199e+04 1.070887e+04 1.069630e+04
5.0 1.072272e+04 1.071660e+04 1.070768e+04 1.071379e+04
6.0 1.068628e+04 1.071298e+04 1.070682e+04 1.068013e+04
7.0 1.070109e+04 1.070071e+04 1.070670e+04 1.070707e+04
8.0 1.069580e+04 1.071253e+04 1.070680e+04 1.069007e+04
0.5 1.071484e+04 1.072019e+04 1.070548e+04 1.070013e+04
1.5 1.066200e+04 1.068032e+04 1.067727e+04 1.065895e+04
2.5 1.066870e+04 1.066563e+04 1.067615e+04 1.067922e+04
3.5 1.070959e+04 1.068029e+04 1.068768e+04 1.071698e+04
4.5 1.067219e+04 1.068061e+04 1.068202e+04 1.067361e+04
5.5 1.068554e+04 1.066779e+04 1.067816e+04 1.069591e+04
6.5 1.071021e+04 1.068302e+04 1.069871e+04 1.072591e+04
7.5 1.069613e+04 1.070307e+04 1.071138e+04 1.070444e+04
1.0 1.066870e+04 1.066563e+04 1.067615e+04 1.067922e+04
2.0 1.070959e+04 1.068029e+04 1.068768e+04 1.071698e+04
3.0 1.067219e+04 1.068061e+04 1.068202e+04 1.067361e+04
4.0 1.068554e+04 1.066779e+04 1.067816e+04 1.069591e+04
5.0 1.071021e+04 1.068302e+04 1.069871e+04 1.072591e+04
6.0 1.069613e+04 1.070307e+04 1.071138e+04 1.070444e+04
7.0 1.070721e+04 1.071059e+04 1.071165e+04 1.070828e+04
8.0 1.069372e+04 1.072010e+04 1.070986e+04 1.068348e+04
0.6 1.070959e+04 1.068029e+04 1.068768e+04 1.071698e+04
1.6 1.067219e+04 1.068061e+04 1.068202e+04 1.067361e+04
2.6 1.068554e+04 1.066779e+04 1.067816e+04 1.069591e+04
3.6 1.071021e+04 1.068302e+04 1.069871e+04 1.072591e+04
4.6 1.069613e+04 1.070307e+04 1.071138e+04 1.070444e+04
5.6 1.070721e+04 1.071059e+04 1.071165e+04 1.070828e+04
6.6 1.069372e+04 1.072010e+04 1.070986e+04 1.068348e+04
7.6 1.073343e+04 1.072041e+04 1.070911e+04 1.072213e+04
0.2 1.067219e+04 1.068061e+04 1.068202e+04 1.067361e+04
1.2 1.068554e+04 1.066779e+04 1.067816e+04 1.069591e+04
2.2 1.071021e+04 1.068302e+04 1.069871e+04 1.072591e+04
3.2 1.069613e+04 1.070307e+04 1.071138e+04 1.070444e+04
4.2 1.070721e+04 1.071059e+04 1.071165e+04 1.070828e+04
5.2 1.069372e+04 1.072010e+04 1.070986e+04 1.068348e+04
6.2 1.073343e+04 1.072041e+04 1.070911e+04 1.072213e+04
7.2 1.075273e+04 1.072190e+04 1.070914e+04 1.073997e+04
0.2 1.068998e+04 1.073197e+04 1.071011e+04 1.066812e+04
1.2 1.069350e+04 1.068290e+04 1.068225e+04 1.069285e+04
2.2 1.067413e+04 1.068297e+04 1.069784e+04 1.068900e+04
3.2 1.074363e+04 1.071415e+04 1.071224e+04 1.074172e+04
4.2 1.071085e+04 1.069157e+04 1.068454e+04 1.070381e+04
5.2 1.068892e+04 1.068170e+04 1.068623e+04 1.069345e+04
6.2 1.064227e+04 1.069233e+04 1.069318e+04 1.064312e+04
7.2 1.067499e+04 1.067834e+04 1.068555e+04 1.068220e+04
0.3 1.074363e+04 1.071415e+04 1.071224e+04 1.074172e+04
1.3 1.071085e+04 1.069157e+04 1.068454e+04 1.070381e+04
2.3 1.068892e+04 1.068170e+04 1.068623e+04 1.069345e+04
3.3 1.064227e+04 1.069233e+04 1.069318e+04 1.064312e+04
4.3 1.067499e+04 1.067834e+04 1.068555e+04 1.068220e+04
0.9 1.068892e+04 1.068170e+04 1.068623e+04 1.069345e+04
1.9 1.064227e+04 1.069233e+04 1.069318e+04 1.064312e+04
2.9 1.067499e+04 1.067834e+04 1.068555e+04 1.068220e+04
0.5 1.064227e+04 1.069233e+04 1.069318e+04 1.064312e+04
1.5 1.067499e+04 1.067834e+04 1.068555e+04 1.068220e+04
