0.9 9.887807e+03 9.874395e+03 9.880195e+03 9.893606e+03
1.9 9.902604e+03 9.875660e+03 9.885233e+03 9.912177e+03
2.9 9.814289e+03 9.838522e+03 9.842813e+03 9.818580e+03
3.9 9.856573e+03 9.852037e+03 9.833186e+03 9.837721e+03
4.9 9.829225e+03 9.854074e+03 9.845462e+03 9.820614e+03
5.9 9.911201e+03 9.886220e+03 9.895505e+03 9.920486e+03
6.9 9.849584e+03 9.835883e+03 9.846621e+03 9.860322e+03
7.9 9.876742e+03 9.851232e+03 9.853934e+03 9.879443e+03
0.6 9.829225e+03 9.854074e+03 9.845462e+03 9.820614e+03
1.6 9.911201e+03 9.886220e+03 9.895505e+03 9.920486e+03
2.6 9.849584e+03 9.835883e+03 9.846621e+03 9.860322e+03
3.6 9.876742e+03 9.851232e+03 9.853934e+03 9.879443e+03
4.6 9.855066e+03 9.882642e+03 9.883722e+03 9.856146e+03
5.6 9.900293e+03 9.899654e+03 9.904211e+03 9.904849e+03
6.6 9.857302e+03 9.880838e+03 9.887888e+03 9.864352e+03
7.6 9.821909e+03 9.870262e+03 9.874457e+03 9.826104e+03
0.7 9.876742e+03 9.851232e+03 9.853934e+03 9.879443e+03
1.7 9.855066e+03 9.882642e+03 9.883722e+03 9.856146e+03
2.7 9.900293e+03 9.899654e+03 9.904211e+03 9.904849e+03
3.7 9.857302e+03 9.880838e+03 9.887888e+03 9.864352e+03
4.7 9.821909e+03 9.870262e+03 9.874457e+03 9.826104e+03
5.7 9.888689e+03 9.892361e+03 9.894427e+03 9.890755e+03
6.7 9.908252e+03 9.856502e+03 9.841314e+03 9.893064e+03
7.7 9.847273e+03 9.839562e+03 9.825774e+03 9.833485e+03
0.3 9.855066e+03 9.882642e+03 9.883722e+03 9.856146e+03
1.3 9.900293e+03 9.899654e+03 9.904211e+03 9.904849e+03
2.3 9.857302e+03 9.880838e+03 9.887888e+03 9.864352e+03
3.3 9.821909e+03 9.870262e+03 9.874457e+03 9.826104e+03
4.3 9.888689e+03 9.892361e+03 9.894427e+03 9.890755e+03
5.3 9.908252e+03 9.856502e+03 9.841314e+03 9.893064e+03
6.3 9.847273e+03 9.839562e+03 9.825774e+03 9.833485e+03
7.3 9.882811e+03 9.843492e+03 9.828309e+03 9.867628e+03
0.9 9.857302e+03 9.880838e+03 9.887888e+03 9.864352e+03
1.9 9.821909e+03 9.870262e+03 9.874457e+03 9.826104e+03
2.9 9.888689e+03 9.892361e+03 9.894427e+03 9.890755e+03
3.9 9.908252e+03 9.856502e+03 9.841314e+03 9.893064e+03
4.9 9.847273e+03 9.839562e+03 9.825774e+03 9.833485e+03
5.9 9.882811e+03 9.843492e+03 9.828309e+03 9.867628e+03
6.9 9.812440e+03 9.824809e+03 9.832252e+03 9.819882e+03
7.9 9.858277e+03 9.852348e+03 9.857097e+03 9.863026e+03
0.5 9.821909e+03 9.870262e+03 9.874457e+03 9.826104e+03
1.5 9.888689e+03 9.892361e+03 9.894427e+03 9.890755e+03
2.5 9.908252e+03 9.856502e+03 9.841314e+03 9.893064e+03
3.5 9.847273e+03 9.839562e+03 9.825774e+03 9.833485e+03
4.5 9.882811e+03 9.843492e+03 9.828309e+03 9.867628e+03
5.5 9.812440e+03 9.824809e+03 9.832252e+03 9.819882e+03
6.5 9.858277e+03 9.852348e+03 9.857097e+03 9.863026e+03
7.5 9.905928e+03 9.879042e+03 9.886540e+03 9.913426e+03
0.7 9.858277e+03 9.852348e+03 9.857097e+03 9.863026e+03
1.7 9.905928e+03 9.879042e+03 9.886540e+03 9.913426e+03
2.7 9.814380e+03 9.831276e+03 9.840686e+03 9.823789e+03
3.7 9.816141e+03 9.823439e+03 9.829152e+03 9.821854e+03
4.7 9.815327e+03 9.826388e+03 9.831198e+03 9.820138e+03
5.7 9.775193e+03 9.829064e+03 9.834156e+03 9.780285e+03
6.7 9.808230e+03 9.830683e+03 9.835368e+03 9.812915e+03
7.7 9.834817e+03 9.845289e+03 9.846618e+03 9.836146e+03
0.6 9.834817e+03 9.845289e+03 9.846618e+03 9.836146e+03
1.6 9.869364e+03 9.893773e+03 9.895457e+03 9.871048e+03
2.6 9.877979e+03 9.899785e+03 9.907352e+03 9.885546e+03
3.6 9.899087e+03 9.874699e+03 9.883326e+03 9.907714e+03
4.6 9.892329e+03 9.878357e+03 9.884085e+03 9.898057e+03
5.6 9.893927e+03 9.895641e+03 9.901776e+03 9.900062e+03
6.6 9.853910e+03 9.857907e+03 9.851433e+03 9.847436e+03
7.6 9.885380e+03 9.835914e+03 9.831222e+03 9.880687e+03
0.2 9.869364e+03 9.893773e+03 9.895457e+03 9.871048e+03
1.2 9.877979e+03 9.899785e+03 9.907352e+03 9.885546e+03
2.2 9.899087e+03 9.874699e+03 9.883326e+03 9.907714e+03
3.2 9.892329e+03 9.878357e+03 9.884085e+03 9.898057e+03
4.2 9.893927e+03 9.895641e+03 9.901776e+03 9.900062e+03
5.2 9.853910e+03 9.857907e+03 9.851433e+03 9.847436e+03
6.2 9.885380e+03 9.835914e+03 9.831222e+03 9.880687e+03
7.2 9.846267e+03 9.826740e+03 9.833069e+03 9.852596e+03
0.7 9.899087e+03 9.874699e+03 9.883326e+03 9.907714e+03
1.7 9.892329e+03 9.878357e+03 9.884085e+03 9.898057e+03
2.7 9.893927e+03 9.895641e+03 9.901776e+03 9.900062e+03
3.7 9.853910e+03 9.857907e+03 9.851433e+03 9.847436e+03
4.7 9.885380e+03 9.835914e+03 9.831222e+03 9.880687e+03
5.7 9.846267e+03 9.826740e+03 9.833069e+03 9.852596e+03
6.7 9.878177e+03 9.851985e+03 9.837699e+03 9.863892e+03
7.7 9.834336e+03 9.850134e+03 9.839959e+03 9.824162e+03
0.3 9.892329e+03 9.878357e+03 9.884085e+03 9.898057e+03
1.3 9.893927e+03 9.895641e+03 9.901776e+03 9.900062e+03
2.3 9.853910e+03 9.857907e+03 9.851433e+03 9.847436e+03
3.3 9.885380e+03 9.835914e+03 9.831222e+03 9.880687e+03
4.3 9.846267e+03 9.826740e+03 9.833069e+03 9.852596e+03
5.3 9.878177e+03 9.851985e+03 9.837699e+03 9.863892e+03
6.3 9.834336e+03 9.850134e+03 9.839959e+03 9.824162e+03
7.3 9.843148e+03 9.857515e+03 9.840804e+03 9.826437e+03
0.7 9.910981e+03 9.860676e+03 9.864925e+03 9.915229e+03
1.7 9.857033e+03 9.885080e+03 9.894282e+03 9.866235e+03
2.7 9.891393e+03 9.864147e+03 9.848516e+03 9.875762e+03
3.7 9.864983e+03 9.847758e+03 9.836990e+03 9.854215e+03
4.7 9.824310e+03 9.840224e+03 9.838994e+03 9.823081e+03
5.7 9.826774e+03 9.832440e+03 9.841838e+03 9.836172e+03
6.7 9.844630e+03 9.855693e+03 9.842847e+03 9.831784e+03
7.7 9.872342e+03 9.852627e+03 9.843050e+03 9.862765e+03
0.9 9.872636e+03 9.875214e+03 9.880458e+03 9.877879e+03
1.9 9.874219e+03 9.875239e+03 9.886538e+03 9.885518e+03
2.9 9.839849e+03 9.836657e+03 9.845041e+03 9.848233e+03
3.9 9.888729e+03 9.881920e+03 9.887425e+03 9.894234e+03
4.9 9.842146e+03 9.877538e+03 9.885121e+03 9.849729e+03
5.9 9.861458e+03 9.894600e+03 9.900067e+03 9.866925e+03
6.9 9.864567e+03 9.861337e+03 9.845765e+03 9.848995e+03
7.9 9.811006e+03 9.843281e+03 9.833094e+03 9.800819e+03
1.0 9.888729e+03 9.881920e+03 9.887425e+03 9.894234e+03
2.0 9.842146e+03 9.877538e+03 9.885121e+03 9.849729e+03
3.0 9.861458e+03 9.894600e+03 9.900067e+03 9.866925e+03
4.0 9.864567e+03 9.861337e+03 9.845765e+03 9.848995e+03
5.0 9.811006e+03 9.843281e+03 9.833094e+03 9.800819e+03
6.0 9.844817e+03 9.842818e+03 9.835945e+03 9.837945e+03
7.0 9.824274e+03 9.829339e+03 9.839243e+03 9.834178e+03
8.0 9.854983e+03 9.848013e+03 9.840220e+03 9.847190e+03
0.6 9.842146e+03 9.877538e+03 9.885121e+03 9.849729e+03
1.6 9.861458e+03 9.894600e+03 9.900067e+03 9.866925e+03
2.6 9.864567e+03 9.861337e+03 9.845765e+03 9.848995e+03
3.6 9.811006e+03 9.843281e+03 9.833094e+03 9.800819e+03
4.6 9.844817e+03 9.842818e+03 9.835945e+03 9.837945e+03
5.6 9.824274e+03 9.829339e+03 9.839243e+03 9.834178e+03
6.6 9.854983e+03 9.848013e+03 9.840220e+03 9.847190e+03
7.6 9.839876e+03 9.852421e+03 9.840227e+03 9.827683e+03
1.0 9.899384e+03 9.881456e+03 9.890939e+03 9.908866e+03
2.0 9.876556e+03 9.858512e+03 9.875377e+03 9.893421e+03
3.0 9.865142e+03 9.832508e+03 9.839380e+03 9.872014e+03
4.0 9.857630e+03 9.853758e+03 9.833134e+03 9.837006e+03
5.0 9.804261e+03 9.847479e+03 9.835688e+03 9.792471e+03
6.0 9.842981e+03 9.844708e+03 9.837513e+03 9.835785e+03
7.0 9.817373e+03 9.828326e+03 9.837786e+03 9.826833e+03
8.0 9.853755e+03 9.846066e+03 9.837561e+03 9.845250e+03
0.5 9.857671e+03 9.850748e+03 9.840384e+03 9.847307e+03
1.5 9.920863e+03 9.894066e+03 9.900605e+03 9.927402e+03
2.5 9.880416e+03 9.891278e+03 9.902999e+03 9.892137e+03
3.5 9.902576e+03 9.869735e+03 9.878386e+03 9.911227e+03
4.5 9.913527e+03 9.885257e+03 9.890460e+03 9.918730e+03
5.5 9.869328e+03 9.889474e+03 9.898706e+03 9.878559e+03
6.5 9.816012e+03 9.843223e+03 9.854827e+03 9.827616e+03
7.5 9.826064e+03 9.819775e+03 9.827778e+03 9.834067e+03
1.0 9.880416e+03 9.891278e+03 9.902999e+03 9.892137e+03
2.0 9.902576e+03 9.869735e+03 9.878386e+03 9.911227e+03
3.0 9.913527e+03 9.885257e+03 9.890460e+03 9.918730e+03
4.0 9.869328e+03 9.889474e+03 9.898706e+03 9.878559e+03
5.0 9.816012e+03 9.843223e+03 9.854827e+03 9.827616e+03
6.0 9.826064e+03 9.819775e+03 9.827778e+03 9.834067e+03
7.0 9.817343e+03 9.825629e+03 9.827202e+03 9.818916e+03
8.0 9.861236e+03 9.845810e+03 9.831037e+03 9.846464e+03
0.6 9.902576e+03 9.869735e+03 9.878386e+03 9.911227e+03
1.6 9.913527e+03 9.885257e+03 9.890460e+03 9.918730e+03
2.6 9.869328e+03 9.889474e+03 9.898706e+03 9.878559e+03
3.6 9.816012e+03 9.843223e+03 9.854827e+03 9.827616e+03
4.6 9.826064e+03 9.819775e+03 9.827778e+03 9.834067e+03
5.6 9.817343e+03 9.825629e+03 9.827202e+03 9.818916e+03
6.6 9.861236e+03 9.845810e+03 9.831037e+03 9.846464e+03
7.6 9.800451e+03 9.849156e+03 9.832625e+03 9.783919e+03
0.2 9.913527e+03 9.885257e+03 9.890460e+03 9.918730e+03
1.2 9.869328e+03 9.889474e+03 9.898706e+03 9.878559e+03
2.2 9.816012e+03 9.843223e+03 9.854827e+03 9.827616e+03
3.2 9.826064e+03 9.819775e+03 9.827778e+03 9.834067e+03
4.2 9.817343e+03 9.825629e+03 9.827202e+03 9.818916e+03
5.2 9.861236e+03 9.845810e+03 9.831037e+03 9.846464e+03
6.2 9.800451e+03 9.849156e+03 9.832625e+03 9.783919e+03
7.2 9.849041e+03 9.850074e+03 9.832562e+03 9.831529e+03
0.2 9.860630e+03 9.852662e+03 9.830490e+03 9.838458e+03
1.2 9.884647e+03 9.885444e+03 9.889971e+03 9.889173e+03
2.2 9.897371e+03 9.844912e+03 9.856691e+03 9.909150e+03
3.2 9.850970e+03 9.823920e+03 9.825949e+03 9.852999e+03
4.2 9.909073e+03 9.886531e+03 9.885091e+03 9.907633e+03
5.2 9.851980e+03 9.877906e+03 9.881482e+03 9.855556e+03
6.2 9.870363e+03 9.865114e+03 9.866644e+03 9.871893e+03
7.2 9.879801e+03 9.878792e+03 9.882921e+03 9.883930e+03
0.3 9.850970e+03 9.823920e+03 9.825949e+03 9.852999e+03
1.3 9.909073e+03 9.886531e+03 9.885091e+03 9.907633e+03
2.3 9.851980e+03 9.877906e+03 9.881482e+03 9.855556e+03
3.3 9.870363e+03 9.865114e+03 9.866644e+03 9.871893e+03
4.3 9.879801e+03 9.878792e+03 9.882921e+03 9.883930e+03
0.9 9.851980e+03 9.877906e+03 9.881482e+03 9.855556e+03
1.9 9.870363e+03 9.865114e+03 9.866644e+03 9.871893e+03
2.9 9.879801e+03 9.878792e+03 9.882921e+03 9.883930e+03
0.5 9.870363e+03 9.865114e+03 9.866644e+03 9.871893e+03
1.5 9.879801e+03 9.878792e+03 9.882921e+03 9.883930e+03
