0.9 1.000692e+04 1.007021e+04 1.004488e+04 9.981586e+03
1.9 1.010381e+04 1.007615e+04 1.003345e+04 1.006111e+04
2.9 9.951484e+03 1.003475e+04 1.003158e+04 9.948309e+03
3.9 1.007601e+04 1.004362e+04 1.003952e+04 1.007192e+04
4.9 9.915884e+03 1.001361e+04 1.004806e+04 9.950335e+03
5.9 1.003814e+04 1.007435e+04 1.003895e+04 1.000275e+04
6.9 1.010118e+04 1.000696e+04 1.003307e+04 1.012728e+04
7.9 1.008126e+04 1.003669e+04 1.004437e+04 1.008894e+04
0.6 9.915884e+03 1.001361e+04 1.004806e+04 9.950335e+03
1.6 1.003814e+04 1.007435e+04 1.003895e+04 1.000275e+04
2.6 1.010118e+04 1.000696e+04 1.003307e+04 1.012728e+04
3.6 1.008126e+04 1.003669e+04 1.004437e+04 1.008894e+04
4.6 1.011034e+04 1.008767e+04 1.004610e+04 1.006878e+04
5.6 1.011314e+04 1.011405e+04 1.003934e+04 1.003843e+04
6.6 1.012382e+04 1.008198e+04 1.003454e+04 1.007638e+04
7.6 1.006972e+04 1.006501e+04 1.003985e+04 1.004456e+04
0.7 1.008126e+04 1.003669e+04 1.004437e+04 1.008894e+04
1.7 1.011034e+04 1.008767e+04 1.004610e+04 1.006878e+04
2.7 1.011314e+04 1.011405e+04 1.003934e+04 1.003843e+04
3.7 1.012382e+04 1.008198e+04 1.003454e+04 1.007638e+04
4.7 1.006972e+04 1.006501e+04 1.003985e+04 1.004456e+04
5.7 1.010497e+04 1.012209e+04 1.003401e+04 1.001688e+04
6.7 1.012239e+04 1.005323e+04 1.002919e+04 1.009835e+04
7.7 9.937448e+03 1.001077e+04 1.003730e+04 9.963982e+03
0.3 1.011034e+04 1.008767e+04 1.004610e+04 1.006878e+04
1.3 1.011314e+04 1.011405e+04 1.003934e+04 1.003843e+04
2.3 1.012382e+04 1.008198e+04 1.003454e+04 1.007638e+04
3.3 1.006972e+04 1.006501e+04 1.003985e+04 1.004456e+04
4.3 1.010497e+04 1.012209e+04 1.003401e+04 1.001688e+04
5.3 1.012239e+04 1.005323e+04 1.002919e+04 1.009835e+04
6.3 9.937448e+03 1.001077e+04 1.003730e+04 9.963982e+03
7.3 1.003983e+04 9.994984e+03 1.004010e+04 1.008495e+04
0.9 1.012382e+04 1.008198e+04 1.003454e+04 1.007638e+04
1.9 1.006972e+04 1.006501e+04 1.003985e+04 1.004456e+04
2.9 1.010497e+04 1.012209e+04 1.003401e+04 1.001688e+04
3.9 1.012239e+04 1.005323e+04 1.002919e+04 1.009835e+04
4.9 9.937448e+03 1.001077e+04 1.003730e+04 9.963982e+03
5.9 1.003983e+04 9.994984e+03 1.004010e+04 1.008495e+04
6.9 9.943671e+03 9.961306e+03 1.004330e+04 1.002566e+04
7.9 1.006297e+04 1.003307e+04 1.004683e+04 1.007674e+04
0.5 1.006972e+04 1.006501e+04 1.003985e+04 1.004456e+04
1.5 1.010497e+04 1.012209e+04 1.003401e+04 1.001688e+04
2.5 1.012239e+04 1.005323e+04 1.002919e+04 1.009835e+04
3.5 9.937448e+03 1.001077e+04 1.003730e+04 9.963982e+03
4.5 1.003983e+04 9.994984e+03 1.004010e+04 1.008495e+04
5.5 9.943671e+03 9.961306e+03 1.004330e+04 1.002566e+04
6.5 1.006297e+04 1.003307e+04 1.004683e+04 1.007674e+04
7.5 1.010633e+04 1.008227e+04 1.003647e+04 1.006053e+04
0.7 1.006297e+04 1.003307e+04 1.004683e+04 1.007674e+04
1.7 1.010633e+04 1.008227e+04 1.003647e+04 1.006053e+04
2.7 9.932493e+03 1.000119e+04 1.003082e+04 9.962126e+03
3.7 9.959361e+03 9.987523e+03 1.003779e+04 1.000963e+04
4.7 9.996803e+03 9.992140e+03 1.003987e+04 1.004453e+04
5.7 9.920902e+03 9.996468e+03 1.003973e+04 9.964168e+03
6.7 9.940971e+03 9.999300e+03 1.004092e+04 9.982594e+03
7.7 1.003570e+04 1.002437e+04 1.004773e+04 1.005906e+04
0.6 1.003570e+04 1.002437e+04 1.004773e+04 1.005906e+04
1.6 1.011130e+04 1.010473e+04 1.004755e+04 1.005411e+04
2.6 1.006831e+04 1.011346e+04 1.003697e+04 9.991820e+03
3.6 1.002663e+04 1.007180e+04 1.003550e+04 9.990329e+03
4.6 1.001790e+04 1.007868e+04 1.004151e+04 9.980735e+03
5.6 1.016394e+04 1.012223e+04 1.003404e+04 1.007575e+04
6.6 1.001509e+04 1.005665e+04 1.002886e+04 9.987306e+03
7.6 9.950229e+03 9.987544e+03 1.003650e+04 9.999184e+03
0.2 1.011130e+04 1.010473e+04 1.004755e+04 1.005411e+04
1.2 1.006831e+04 1.011346e+04 1.003697e+04 9.991820e+03
2.2 1.002663e+04 1.007180e+04 1.003550e+04 9.990329e+03
3.2 1.001790e+04 1.007868e+04 1.004151e+04 9.980735e+03
4.2 1.016394e+04 1.012223e+04 1.003404e+04 1.007575e+04
5.2 1.001509e+04 1.005665e+04 1.002886e+04 9.987306e+03
6.2 9.950229e+03 9.987544e+03 1.003650e+04 9.999184e+03
7.2 1.001335e+04 9.993578e+03 1.004007e+04 1.005985e+04
0.7 1.002663e+04 1.007180e+04 1.003550e+04 9.990329e+03
1.7 1.001790e+04 1.007868e+04 1.004151e+04 9.980735e+03
2.7 1.016394e+04 1.012223e+04 1.003404e+04 1.007575e+04
3.7 1.001509e+04 1.005665e+04 1.002886e+04 9.987306e+03
4.7 9.950229e+03 9.987544e+03 1.003650e+04 9.999184e+03
5.7 1.001335e+04 9.993578e+03 1.004007e+04 1.005985e+04
6.7 1.016254e+04 1.004604e+04 1.004011e+04 1.015660e+04
7.7 9.965705e+03 1.003194e+04 1.003955e+04 9.973315e+03
0.3 1.001790e+04 1.007868e+04 1.004151e+04 9.980735e+03
1.3 1.016394e+04 1.012223e+04 1.003404e+04 1.007575e+04
2.3 1.001509e+04 1.005665e+04 1.002886e+04 9.987306e+03
3.3 9.950229e+03 9.987544e+03 1.003650e+04 9.999184e+03
4.3 1.001335e+04 9.993578e+03 1.004007e+04 1.005985e+04
5.3 1.016254e+04 1.004604e+04 1.004011e+04 1.015660e+04
6.3 9.965705e+03 1.003194e+04 1.003955e+04 9.973315e+03
7.3 9.966199e+03 1.004570e+04 1.003929e+04 9.959789e+03
0.7 1.010941e+04 1.001881e+04 1.004660e+04 1.013720e+04
1.7 1.009765e+04 1.010674e+04 1.003643e+04 1.002733e+04
2.7 1.007763e+04 1.007338e+04 1.003079e+04 1.003504e+04
3.7 1.006088e+04 1.001404e+04 1.003774e+04 1.008458e+04
4.7 1.003785e+04 9.986804e+03 1.003980e+04 1.009085e+04
5.7 9.972184e+03 1.000544e+04 1.003964e+04 1.000639e+04
6.7 1.015684e+04 1.005523e+04 1.003926e+04 1.014087e+04
7.7 1.001020e+04 1.003765e+04 1.003912e+04 1.001166e+04
0.9 1.009380e+04 1.007584e+04 1.004520e+04 1.006316e+04
1.9 9.982363e+03 1.007393e+04 1.003373e+04 9.942165e+03
2.9 9.942389e+03 1.001052e+04 1.003920e+04 9.971063e+03
3.9 1.009154e+04 1.008614e+04 1.004461e+04 1.005001e+04
4.9 1.006238e+04 1.007838e+04 1.004067e+04 1.002467e+04
5.9 1.010586e+04 1.013077e+04 1.003308e+04 1.000817e+04
6.9 1.012497e+04 1.006328e+04 1.002941e+04 1.009110e+04
7.9 9.979527e+03 1.001012e+04 1.003772e+04 1.000713e+04
1.0 1.009154e+04 1.008614e+04 1.004461e+04 1.005001e+04
2.0 1.006238e+04 1.007838e+04 1.004067e+04 1.002467e+04
3.0 1.010586e+04 1.013077e+04 1.003308e+04 1.000817e+04
4.0 1.012497e+04 1.006328e+04 1.002941e+04 1.009110e+04
5.0 9.979527e+03 1.001012e+04 1.003772e+04 1.000713e+04
6.0 9.985826e+03 9.992854e+03 1.004001e+04 1.003298e+04
7.0 1.004918e+04 9.989779e+03 1.003972e+04 1.009912e+04
8.0 1.000893e+04 1.004278e+04 1.003924e+04 1.000539e+04
0.6 1.006238e+04 1.007838e+04 1.004067e+04 1.002467e+04
1.6 1.010586e+04 1.013077e+04 1.003308e+04 1.000817e+04
2.6 1.012497e+04 1.006328e+04 1.002941e+04 1.009110e+04
3.6 9.979527e+03 1.001012e+04 1.003772e+04 1.000713e+04
4.6 9.985826e+03 9.992854e+03 1.004001e+04 1.003298e+04
5.6 1.004918e+04 9.989779e+03 1.003972e+04 1.009912e+04
6.6 1.000893e+04 1.004278e+04 1.003924e+04 1.000539e+04
7.6 9.943643e+03 1.004548e+04 1.003907e+04 9.937234e+03
1.0 1.012046e+04 1.005371e+04 1.004391e+04 1.011067e+04
2.0 1.008642e+04 1.004065e+04 1.003146e+04 1.007723e+04
3.0 1.009116e+04 1.003120e+04 1.003301e+04 1.009297e+04
4.0 1.007622e+04 1.005439e+04 1.003861e+04 1.006043e+04
5.0 9.869172e+03 1.001821e+04 1.003976e+04 9.890714e+03
6.0 9.973243e+03 9.996152e+03 1.003942e+04 1.001651e+04
7.0 1.003129e+04 9.988100e+03 1.003912e+04 1.008231e+04
8.0 1.012071e+04 1.003829e+04 1.003949e+04 1.012191e+04
0.5 9.988903e+03 1.001778e+04 1.004819e+04 1.001931e+04
1.5 1.012589e+04 1.008737e+04 1.004779e+04 1.008630e+04
2.5 1.002967e+04 1.009916e+04 1.003554e+04 9.966051e+03
3.5 1.001478e+04 1.006742e+04 1.003707e+04 9.984432e+03
4.5 1.015386e+04 1.009255e+04 1.004175e+04 1.010306e+04
5.5 1.013427e+04 1.009743e+04 1.003363e+04 1.007047e+04
6.5 9.949276e+03 1.001982e+04 1.002879e+04 9.958244e+03
7.5 9.993045e+03 9.981628e+03 1.003518e+04 1.004660e+04
1.0 1.002967e+04 1.009916e+04 1.003554e+04 9.966051e+03
2.0 1.001478e+04 1.006742e+04 1.003707e+04 9.984432e+03
3.0 1.015386e+04 1.009255e+04 1.004175e+04 1.010306e+04
4.0 1.013427e+04 1.009743e+04 1.003363e+04 1.007047e+04
5.0 9.949276e+03 1.001982e+04 1.002879e+04 9.958244e+03
6.0 9.993045e+03 9.981628e+03 1.003518e+04 1.004660e+04
7.0 1.002027e+04 1.000754e+04 1.003964e+04 1.005237e+04
8.0 1.006256e+04 1.003971e+04 1.003993e+04 1.006278e+04
0.6 1.001478e+04 1.006742e+04 1.003707e+04 9.984432e+03
1.6 1.015386e+04 1.009255e+04 1.004175e+04 1.010306e+04
2.6 1.013427e+04 1.009743e+04 1.003363e+04 1.007047e+04
3.6 9.949276e+03 1.001982e+04 1.002879e+04 9.958244e+03
4.6 9.993045e+03 9.981628e+03 1.003518e+04 1.004660e+04
5.6 1.002027e+04 1.000754e+04 1.003964e+04 1.005237e+04
6.6 1.006256e+04 1.003971e+04 1.003993e+04 1.006278e+04
7.6 9.967757e+03 1.003611e+04 1.003936e+04 9.971007e+03
0.2 1.015386e+04 1.009255e+04 1.004175e+04 1.010306e+04
1.2 1.013427e+04 1.009743e+04 1.003363e+04 1.007047e+04
2.2 9.949276e+03 1.001982e+04 1.002879e+04 9.958244e+03
3.2 9.993045e+03 9.981628e+03 1.003518e+04 1.004660e+04
4.2 1.002027e+04 1.000754e+04 1.003964e+04 1.005237e+04
5.2 1.006256e+04 1.003971e+04 1.003993e+04 1.006278e+04
6.2 9.967757e+03 1.003611e+04 1.003936e+04 9.971007e+03
7.2 1.004607e+04 1.000736e+04 1.003905e+04 1.007776e+04
0.2 9.994128e+03 1.003225e+04 1.004762e+04 1.000950e+04
1.2 1.000334e+04 1.006522e+04 1.004260e+04 9.980711e+03
2.2 1.012078e+04 1.001754e+04 1.002977e+04 1.013302e+04
3.2 9.956187e+03 9.991178e+03 1.004328e+04 1.000828e+04
4.2 1.005553e+04 1.009483e+04 1.004686e+04 1.000755e+04
5.2 1.010764e+04 1.007788e+04 1.003620e+04 1.006597e+04
6.2 1.009725e+04 1.005652e+04 1.003916e+04 1.007989e+04
7.2 1.010944e+04 1.007827e+04 1.003318e+04 1.006436e+04
0.3 9.956187e+03 9.991178e+03 1.004328e+04 1.000828e+04
1.3 1.005553e+04 1.009483e+04 1.004686e+04 1.000755e+04
2.3 1.010764e+04 1.007788e+04 1.003620e+04 1.006597e+04
3.3 1.009725e+04 1.005652e+04 1.003916e+04 1.007989e+04
4.3 1.010944e+04 1.007827e+04 1.003318e+04 1.006436e+04
0.9 1.010764e+04 1.007788e+04 1.003620e+04 1.006597e+04
1.9 1.009725e+04 1.005652e+04 1.003916e+04 1.007989e+04
2.9 1.010944e+04 1.007827e+04 1.003318e+04 1.006436e+04
0.5 1.009725e+04 1.005652e+04 1.003916e+04 1.007989e+04
1.5 1.010944e+04 1.007827e+04 1.003318e+04 1.006436e+04
