0.9 9.960152e+03 9.902300e+03 9.863863e+03 9.921715e+03
1.9 9.904958e+03 9.897822e+03 9.852995e+03 9.860131e+03
2.9 9.729068e+03 9.849481e+03 9.851211e+03 9.730798e+03
3.9 9.854573e+03 9.818431e+03 9.858763e+03 9.894905e+03
4.9 9.813377e+03 9.838527e+03 9.866879e+03 9.841729e+03
5.9 9.934031e+03 9.907639e+03 9.858225e+03 9.884616e+03
6.9 9.834758e+03 9.850630e+03 9.852627e+03 9.836755e+03
7.9 9.924592e+03 9.869517e+03 9.863376e+03 9.918450e+03
0.6 9.813377e+03 9.838527e+03 9.866879e+03 9.841729e+03
1.6 9.934031e+03 9.907639e+03 9.858225e+03 9.884616e+03
2.6 9.834758e+03 9.850630e+03 9.852627e+03 9.836755e+03
3.6 9.924592e+03 9.869517e+03 9.863376e+03 9.918450e+03
4.6 9.889185e+03 9.905363e+03 9.865023e+03 9.848844e+03
5.6 9.842555e+03 9.922795e+03 9.858590e+03 9.778350e+03
6.6 9.853197e+03 9.898516e+03 9.854027e+03 9.808708e+03
7.6 9.787600e+03 9.887422e+03 9.859075e+03 9.759253e+03
0.7 9.924592e+03 9.869517e+03 9.863376e+03 9.918450e+03
1.7 9.889185e+03 9.905363e+03 9.865023e+03 9.848844e+03
2.7 9.842555e+03 9.922795e+03 9.858590e+03 9.778350e+03
3.7 9.853197e+03 9.898516e+03 9.854027e+03 9.808708e+03
4.7 9.787600e+03 9.887422e+03 9.859075e+03 9.759253e+03
5.7 9.918212e+03 9.911378e+03 9.853527e+03 9.860361e+03
6.7 9.876705e+03 9.818268e+03 9.848942e+03 9.907380e+03
7.7 9.830889e+03 9.805285e+03 9.856656e+03 9.882260e+03
0.3 9.889185e+03 9.905363e+03 9.865023e+03 9.848844e+03
1.3 9.842555e+03 9.922795e+03 9.858590e+03 9.778350e+03
2.3 9.853197e+03 9.898516e+03 9.854027e+03 9.808708e+03
3.3 9.787600e+03 9.887422e+03 9.859075e+03 9.759253e+03
4.3 9.918212e+03 9.911378e+03 9.853527e+03 9.860361e+03
5.3 9.876705e+03 9.818268e+03 9.848942e+03 9.907380e+03
6.3 9.830889e+03 9.805285e+03 9.856656e+03 9.882260e+03
7.3 9.807230e+03 9.799272e+03 9.859314e+03 9.867273e+03
0.9 9.853197e+03 9.898516e+03 9.854027e+03 9.808708e+03
1.9 9.787600e+03 9.887422e+03 9.859075e+03 9.759253e+03
2.9 9.918212e+03 9.911378e+03 9.853527e+03 9.860361e+03
3.9 9.876705e+03 9.818268e+03 9.848942e+03 9.907380e+03
4.9 9.830889e+03 9.805285e+03 9.856656e+03 9.882260e+03
5.9 9.807230e+03 9.799272e+03 9.859314e+03 9.867273e+03
6.9 9.883988e+03 9.830504e+03 9.862352e+03 9.915836e+03
7.9 9.918047e+03 9.876090e+03 9.865716e+03 9.907672e+03
0.5 9.787600e+03 9.887422e+03 9.859075e+03 9.759253e+03
1.5 9.918212e+03 9.911378e+03 9.853527e+03 9.860361e+03
2.5 9.876705e+03 9.818268e+03 9.848942e+03 9.907380e+03
3.5 9.830889e+03 9.805285e+03 9.856656e+03 9.882260e+03
4.5 9.807230e+03 9.799272e+03 9.859314e+03 9.867273e+03
5.5 9.883988e+03 9.830504e+03 9.862352e+03 9.915836e+03
6.5 9.918047e+03 9.876090e+03 9.865716e+03 9.907672e+03
7.5 9.868767e+03 9.901841e+03 9.855863e+03 9.822789e+03
0.7 9.918047e+03 9.876090e+03 9.865716e+03 9.907672e+03
1.7 9.868767e+03 9.901841e+03 9.855863e+03 9.822789e+03
2.7 9.795323e+03 9.839909e+03 9.850490e+03 9.805904e+03
3.7 9.843397e+03 9.831959e+03 9.857120e+03 9.868559e+03
4.7 9.750107e+03 9.836312e+03 9.859096e+03 9.772892e+03
5.7 9.860072e+03 9.839884e+03 9.858966e+03 9.879154e+03
6.7 9.826279e+03 9.842695e+03 9.860097e+03 9.843681e+03
7.7 9.871569e+03 9.862884e+03 9.866567e+03 9.875252e+03
0.6 9.871569e+03 9.862884e+03 9.866567e+03 9.875252e+03
1.6 9.815495e+03 9.921359e+03 9.866394e+03 9.760530e+03
2.6 9.950947e+03 9.925840e+03 9.856339e+03 9.881446e+03
3.6 9.960037e+03 9.896069e+03 9.854941e+03 9.918909e+03
4.6 9.904303e+03 9.903029e+03 9.860657e+03 9.861930e+03
5.6 9.914984e+03 9.921643e+03 9.853555e+03 9.846897e+03
6.6 9.863115e+03 9.839448e+03 9.848628e+03 9.872295e+03
7.6 9.844330e+03 9.811085e+03 9.855892e+03 9.889137e+03
0.2 9.815495e+03 9.921359e+03 9.866394e+03 9.760530e+03
1.2 9.950947e+03 9.925840e+03 9.856339e+03 9.881446e+03
2.2 9.960037e+03 9.896069e+03 9.854941e+03 9.918909e+03
3.2 9.904303e+03 9.903029e+03 9.860657e+03 9.861930e+03
4.2 9.914984e+03 9.921643e+03 9.853555e+03 9.846897e+03
5.2 9.863115e+03 9.839448e+03 9.848628e+03 9.872295e+03
6.2 9.844330e+03 9.811085e+03 9.855892e+03 9.889137e+03
7.2 9.868724e+03 9.840849e+03 9.859288e+03 9.887163e+03
0.7 9.960037e+03 9.896069e+03 9.854941e+03 9.918909e+03
1.7 9.904303e+03 9.903029e+03 9.860657e+03 9.861930e+03
2.7 9.914984e+03 9.921643e+03 9.853555e+03 9.846897e+03
3.7 9.863115e+03 9.839448e+03 9.848628e+03 9.872295e+03
4.7 9.844330e+03 9.811085e+03 9.855892e+03 9.889137e+03
5.7 9.868724e+03 9.840849e+03 9.859288e+03 9.887163e+03
6.7 9.807313e+03 9.830687e+03 9.859320e+03 9.835947e+03
7.7 9.827540e+03 9.831082e+03 9.858789e+03 9.855247e+03
0.3 9.904303e+03 9.903029e+03 9.860657e+03 9.861930e+03
1.3 9.914984e+03 9.921643e+03 9.853555e+03 9.846897e+03
2.3 9.863115e+03 9.839448e+03 9.848628e+03 9.872295e+03
3.3 9.844330e+03 9.811085e+03 9.855892e+03 9.889137e+03
4.3 9.868724e+03 9.840849e+03 9.859288e+03 9.887163e+03
5.3 9.807313e+03 9.830687e+03 9.859320e+03 9.835947e+03
6.3 9.827540e+03 9.831082e+03 9.858789e+03 9.855247e+03
7.3 9.829298e+03 9.825765e+03 9.858540e+03 9.862073e+03
0.7 9.841049e+03 9.869987e+03 9.865497e+03 9.836559e+03
1.7 9.857420e+03 9.920322e+03 9.855822e+03 9.792921e+03
2.7 9.957953e+03 9.832604e+03 9.850461e+03 9.975811e+03
3.7 9.853689e+03 9.817065e+03 9.857074e+03 9.893698e+03
4.7 9.843693e+03 9.824581e+03 9.859033e+03 9.878146e+03
5.7 9.787180e+03 9.855141e+03 9.858882e+03 9.790920e+03
6.7 9.871942e+03 9.838694e+03 9.858514e+03 9.891763e+03
7.7 9.819297e+03 9.835596e+03 9.858378e+03 9.842079e+03
0.9 9.949923e+03 9.904712e+03 9.864160e+03 9.909371e+03
1.9 9.905604e+03 9.900769e+03 9.853257e+03 9.858093e+03
2.9 9.856715e+03 9.856291e+03 9.858458e+03 9.858882e+03
3.9 9.976183e+03 9.912047e+03 9.863605e+03 9.927740e+03
4.9 9.941521e+03 9.905524e+03 9.859855e+03 9.895852e+03
5.9 9.787578e+03 9.922886e+03 9.852645e+03 9.717337e+03
6.9 9.828339e+03 9.824563e+03 9.849149e+03 9.852925e+03
7.9 9.851934e+03 9.814801e+03 9.857054e+03 9.894186e+03
1.0 9.976183e+03 9.912047e+03 9.863605e+03 9.927740e+03
2.0 9.941521e+03 9.905524e+03 9.859855e+03 9.895852e+03
3.0 9.787578e+03 9.922886e+03 9.852645e+03 9.717337e+03
4.0 9.828339e+03 9.824563e+03 9.849149e+03 9.852925e+03
5.0 9.851934e+03 9.814801e+03 9.857054e+03 9.894186e+03
6.0 9.742774e+03 9.816318e+03 9.859228e+03 9.785685e+03
7.0 9.774879e+03 9.847191e+03 9.858953e+03 9.786641e+03
8.0 9.870293e+03 9.840886e+03 9.858497e+03 9.887904e+03
0.6 9.941521e+03 9.905524e+03 9.859855e+03 9.895852e+03
1.6 9.787578e+03 9.922886e+03 9.852645e+03 9.717337e+03
2.6 9.828339e+03 9.824563e+03 9.849149e+03 9.852925e+03
3.6 9.851934e+03 9.814801e+03 9.857054e+03 9.894186e+03
4.6 9.742774e+03 9.816318e+03 9.859228e+03 9.785685e+03
5.6 9.774879e+03 9.847191e+03 9.858953e+03 9.786641e+03
6.6 9.870293e+03 9.840886e+03 9.858497e+03 9.887904e+03
7.6 9.883213e+03 9.833709e+03 9.858334e+03 9.907838e+03
1.0 9.912396e+03 9.902860e+03 9.862939e+03 9.872476e+03
2.0 9.844755e+03 9.887032e+03 9.851104e+03 9.808826e+03
3.0 9.846935e+03 9.853440e+03 9.852574e+03 9.846069e+03
4.0 9.817053e+03 9.819354e+03 9.857894e+03 9.855593e+03
5.0 9.748143e+03 9.819753e+03 9.858987e+03 9.787376e+03
6.0 9.838267e+03 9.817093e+03 9.858664e+03 9.879837e+03
7.0 9.814163e+03 9.844129e+03 9.858382e+03 9.828415e+03
8.0 9.804370e+03 9.836673e+03 9.858732e+03 9.826430e+03
0.5 9.848408e+03 9.835884e+03 9.867006e+03 9.879530e+03
1.5 9.904435e+03 9.923578e+03 9.866624e+03 9.847480e+03
2.5 9.989208e+03 9.922769e+03 9.854979e+03 9.921417e+03
3.5 9.951417e+03 9.894452e+03 9.856438e+03 9.913403e+03
4.5 9.940195e+03 9.911706e+03 9.860879e+03 9.889368e+03
5.5 9.872960e+03 9.912984e+03 9.853163e+03 9.813139e+03
6.5 9.826224e+03 9.855553e+03 9.848558e+03 9.819229e+03
7.5 9.875872e+03 9.829031e+03 9.854641e+03 9.901482e+03
1.0 9.989208e+03 9.922769e+03 9.854979e+03 9.921417e+03
2.0 9.951417e+03 9.894452e+03 9.856438e+03 9.913403e+03
3.0 9.940195e+03 9.911706e+03 9.860879e+03 9.889368e+03
4.0 9.872960e+03 9.912984e+03 9.853163e+03 9.813139e+03
5.0 9.826224e+03 9.855553e+03 9.848558e+03 9.819229e+03
6.0 9.875872e+03 9.829031e+03 9.854641e+03 9.901482e+03
7.0 9.795579e+03 9.836541e+03 9.858879e+03 9.817916e+03
8.0 9.909763e+03 9.824004e+03 9.859155e+03 9.944913e+03
0.6 9.951417e+03 9.894452e+03 9.856438e+03 9.913403e+03
1.6 9.940195e+03 9.911706e+03 9.860879e+03 9.889368e+03
2.6 9.872960e+03 9.912984e+03 9.853163e+03 9.813139e+03
3.6 9.826224e+03 9.855553e+03 9.848558e+03 9.819229e+03
4.6 9.875872e+03 9.829031e+03 9.854641e+03 9.901482e+03
5.6 9.795579e+03 9.836541e+03 9.858879e+03 9.817916e+03
6.6 9.909763e+03 9.824004e+03 9.859155e+03 9.944913e+03
7.6 9.795910e+03 9.818504e+03 9.858612e+03 9.836018e+03
0.2 9.940195e+03 9.911706e+03 9.860879e+03 9.889368e+03
1.2 9.872960e+03 9.912984e+03 9.853163e+03 9.813139e+03
2.2 9.826224e+03 9.855553e+03 9.848558e+03 9.819229e+03
3.2 9.875872e+03 9.829031e+03 9.854641e+03 9.901482e+03
4.2 9.795579e+03 9.836541e+03 9.858879e+03 9.817916e+03
5.2 9.909763e+03 9.824004e+03 9.859155e+03 9.944913e+03
6.2 9.795910e+03 9.818504e+03 9.858612e+03 9.836018e+03
7.2 9.742030e+03 9.801211e+03 9.858317e+03 9.799137e+03
0.2 9.677110e+03 9.816933e+03 9.866461e+03 9.726639e+03
1.2 9.943795e+03 9.897255e+03 9.861688e+03 9.908228e+03
2.2 9.907892e+03 9.856729e+03 9.849495e+03 9.900658e+03
3.2 9.833608e+03 9.833677e+03 9.862333e+03 9.862264e+03
4.2 9.968736e+03 9.905850e+03 9.865736e+03 9.928623e+03
5.2 9.860848e+03 9.890061e+03 9.855611e+03 9.826398e+03
6.2 9.883230e+03 9.874365e+03 9.858418e+03 9.867283e+03
7.2 9.952052e+03 9.887455e+03 9.852738e+03 9.917335e+03
0.3 9.833608e+03 9.833677e+03 9.862333e+03 9.862264e+03
1.3 9.968736e+03 9.905850e+03 9.865736e+03 9.928623e+03
2.3 9.860848e+03 9.890061e+03 9.855611e+03 9.826398e+03
3.3 9.883230e+03 9.874365e+03 9.858418e+03 9.867283e+03
4.3 9.952052e+03 9.887455e+03 9.852738e+03 9.917335e+03
0.9 9.860848e+03 9.890061e+03 9.855611e+03 9.826398e+03
1.9 9.883230e+03 9.874365e+03 9.858418e+03 9.867283e+03
2.9 9.952052e+03 9.887455e+03 9.852738e+03 9.917335e+03
0.5 9.883230e+03 9.874365e+03 9.858418e+03 9.867283e+03
1.5 9.952052e+03 9.887455e+03 9.852738e+03 9.917335e+03
