0.5 9.203854e+03 9.259077e+03 9.279636e+03 9.224412e+03
1.5 9.355845e+03 9.336502e+03 9.264731e+03 9.284073e+03
2.5 9.221297e+03 9.239465e+03 9.244464e+03 9.226296e+03
3.5 9.230293e+03 9.252261e+03 9.272630e+03 9.250662e+03
4.5 9.345237e+03 9.315046e+03 9.261981e+03 9.292173e+03
5.5 9.245167e+03 9.231308e+03 9.250601e+03 9.264460e+03
6.5 9.320500e+03 9.266623e+03 9.272781e+03 9.326658e+03
7.5 9.263486e+03 9.297373e+03 9.257609e+03 9.223722e+03
0.6 9.230293e+03 9.252261e+03 9.272630e+03 9.250662e+03
1.6 9.345237e+03 9.315046e+03 9.261981e+03 9.292173e+03
2.6 9.245167e+03 9.231308e+03 9.250601e+03 9.264460e+03
3.6 9.320500e+03 9.266623e+03 9.272781e+03 9.326658e+03
4.6 9.263486e+03 9.297373e+03 9.257609e+03 9.223722e+03
5.6 9.189611e+03 9.231477e+03 9.245680e+03 9.203814e+03
6.6 9.316174e+03 9.266215e+03 9.258831e+03 9.308790e+03
7.6 9.300814e+03 9.249775e+03 9.262731e+03 9.313770e+03
0.7 9.320500e+03 9.266623e+03 9.272781e+03 9.326658e+03
1.7 9.263486e+03 9.297373e+03 9.257609e+03 9.223722e+03
2.7 9.189611e+03 9.231477e+03 9.245680e+03 9.203814e+03
3.7 9.316174e+03 9.266215e+03 9.258831e+03 9.308790e+03
4.7 9.300814e+03 9.249775e+03 9.262731e+03 9.313770e+03
5.7 9.230519e+03 9.222817e+03 9.277323e+03 9.285025e+03
6.7 9.323804e+03 9.309747e+03 9.272187e+03 9.286243e+03
7.7 9.233882e+03 9.294757e+03 9.246591e+03 9.185716e+03
1.0 9.323804e+03 9.309747e+03 9.272187e+03 9.286243e+03
2.0 9.233882e+03 9.294757e+03 9.246591e+03 9.185716e+03
3.0 9.204022e+03 9.268378e+03 9.249217e+03 9.184861e+03
4.0 9.214265e+03 9.208090e+03 9.260428e+03 9.266603e+03
5.0 9.244721e+03 9.251013e+03 9.262770e+03 9.256478e+03
6.0 9.207879e+03 9.287551e+03 9.262099e+03 9.182426e+03
7.0 9.335521e+03 9.291137e+03 9.261493e+03 9.305877e+03
8.0 9.259459e+03 9.263292e+03 9.261304e+03 9.257472e+03
1.0 9.331563e+03 9.297709e+03 9.274841e+03 9.308696e+03
2.0 9.306113e+03 9.284762e+03 9.263609e+03 9.284960e+03
3.0 9.290045e+03 9.299363e+03 9.248936e+03 9.239618e+03
4.0 9.265350e+03 9.218517e+03 9.241467e+03 9.288299e+03
5.0 9.240570e+03 9.248815e+03 9.258282e+03 9.250037e+03
6.0 9.304553e+03 9.260476e+03 9.262937e+03 9.307013e+03
7.0 9.160341e+03 9.205781e+03 9.262371e+03 9.216931e+03
8.0 9.249644e+03 9.212501e+03 9.261381e+03 9.298524e+03
0.6 9.306113e+03 9.284762e+03 9.263609e+03 9.284960e+03
1.6 9.290045e+03 9.299363e+03 9.248936e+03 9.239618e+03
2.6 9.265350e+03 9.218517e+03 9.241467e+03 9.288299e+03
3.6 9.240570e+03 9.248815e+03 9.258282e+03 9.250037e+03
4.6 9.304553e+03 9.260476e+03 9.262937e+03 9.307013e+03
5.6 9.160341e+03 9.205781e+03 9.262371e+03 9.216931e+03
6.6 9.249644e+03 9.212501e+03 9.261381e+03 9.298524e+03
7.6 9.291486e+03 9.219120e+03 9.260998e+03 9.333365e+03
0.9 9.319259e+03 9.273665e+03 9.273660e+03 9.319253e+03
1.9 9.336396e+03 9.258780e+03 9.250607e+03 9.328223e+03
2.9 9.285879e+03 9.215012e+03 9.261171e+03 9.332038e+03
3.9 9.241455e+03 9.296312e+03 9.272672e+03 9.217815e+03
4.9 9.241132e+03 9.285045e+03 9.264716e+03 9.220803e+03
5.9 9.366289e+03 9.310508e+03 9.267223e+03 9.323004e+03
6.9 9.249858e+03 9.311068e+03 9.249844e+03 9.188635e+03
7.9 9.308275e+03 9.264949e+03 9.240280e+03 9.283607e+03
1.0 9.241455e+03 9.296312e+03 9.272672e+03 9.217815e+03
2.0 9.241132e+03 9.285045e+03 9.264716e+03 9.220803e+03
3.0 9.366289e+03 9.310508e+03 9.267223e+03 9.323004e+03
4.0 9.249858e+03 9.311068e+03 9.249844e+03 9.188635e+03
5.0 9.308275e+03 9.264949e+03 9.240280e+03 9.283607e+03
6.0 9.234377e+03 9.258037e+03 9.271926e+03 9.248266e+03
7.0 9.238869e+03 9.305512e+03 9.279469e+03 9.212826e+03
8.0 9.196955e+03 9.286802e+03 9.256171e+03 9.166324e+03
0.6 9.241132e+03 9.285045e+03 9.264716e+03 9.220803e+03
1.6 9.366289e+03 9.310508e+03 9.267223e+03 9.323004e+03
2.6 9.249858e+03 9.311068e+03 9.249844e+03 9.188635e+03
3.6 9.308275e+03 9.264949e+03 9.240280e+03 9.283607e+03
4.6 9.234377e+03 9.258037e+03 9.271926e+03 9.248266e+03
5.6 9.238869e+03 9.305512e+03 9.279469e+03 9.212826e+03
6.6 9.196955e+03 9.286802e+03 9.256171e+03 9.166324e+03
7.6 9.304362e+03 9.256660e+03 9.244075e+03 9.291778e+03
0.2 9.366289e+03 9.310508e+03 9.267223e+03 9.323004e+03
1.2 9.249858e+03 9.311068e+03 9.249844e+03 9.188635e+03
2.2 9.308275e+03 9.264949e+03 9.240280e+03 9.283607e+03
3.2 9.234377e+03 9.258037e+03 9.271926e+03 9.248266e+03
4.2 9.238869e+03 9.305512e+03 9.279469e+03 9.212826e+03
5.2 9.196955e+03 9.286802e+03 9.256171e+03 9.166324e+03
6.2 9.304362e+03 9.256660e+03 9.244075e+03 9.291778e+03
7.2 9.194543e+03 9.210993e+03 9.262133e+03 9.245683e+03
0.3 9.234377e+03 9.258037e+03 9.271926e+03 9.248266e+03
1.3 9.238869e+03 9.305512e+03 9.279469e+03 9.212826e+03
2.3 9.196955e+03 9.286802e+03 9.256171e+03 9.166324e+03
3.3 9.304362e+03 9.256660e+03 9.244075e+03 9.291778e+03
4.3 9.194543e+03 9.210993e+03 9.262133e+03 9.245683e+03
5.3 9.252077e+03 9.294647e+03 9.274487e+03 9.231917e+03
6.3 9.348246e+03 9.285171e+03 9.265690e+03 9.328765e+03
7.3 9.242894e+03 9.293935e+03 9.250122e+03 9.199081e+03
0.9 9.196955e+03 9.286802e+03 9.256171e+03 9.166324e+03
1.9 9.304362e+03 9.256660e+03 9.244075e+03 9.291778e+03
2.9 9.194543e+03 9.210993e+03 9.262133e+03 9.245683e+03
3.9 9.252077e+03 9.294647e+03 9.274487e+03 9.231917e+03
4.9 9.348246e+03 9.285171e+03 9.265690e+03 9.328765e+03
5.9 9.242894e+03 9.293935e+03 9.250122e+03 9.199081e+03
6.9 9.250531e+03 9.202048e+03 9.241923e+03 9.290406e+03
7.9 9.163149e+03 9.199564e+03 9.258541e+03 9.222127e+03
1.0 9.252077e+03 9.294647e+03 9.274487e+03 9.231917e+03
2.0 9.348246e+03 9.285171e+03 9.265690e+03 9.328765e+03
3.0 9.242894e+03 9.293935e+03 9.250122e+03 9.199081e+03
4.0 9.250531e+03 9.202048e+03 9.241923e+03 9.290406e+03
5.0 9.163149e+03 9.199564e+03 9.258541e+03 9.222127e+03
6.0 9.199357e+03 9.209127e+03 9.263175e+03 9.253406e+03
7.0 9.198651e+03 9.227949e+03 9.262620e+03 9.233322e+03
8.0 9.391221e+03 9.267758e+03 9.261658e+03 9.385120e+03
0.6 9.348246e+03 9.285171e+03 9.265690e+03 9.328765e+03
1.6 9.242894e+03 9.293935e+03 9.250122e+03 9.199081e+03
2.6 9.250531e+03 9.202048e+03 9.241923e+03 9.290406e+03
3.6 9.163149e+03 9.199564e+03 9.258541e+03 9.222127e+03
4.6 9.199357e+03 9.209127e+03 9.263175e+03 9.253406e+03
5.6 9.198651e+03 9.227949e+03 9.262620e+03 9.233322e+03
6.6 9.391221e+03 9.267758e+03 9.261658e+03 9.385120e+03
7.6 9.150322e+03 9.244916e+03 9.261305e+03 9.166711e+03
0.2 9.247427e+03 9.274359e+03 9.278769e+03 9.251837e+03
1.2 9.322398e+03 9.303170e+03 9.276204e+03 9.295433e+03
2.2 9.264054e+03 9.279914e+03 9.258308e+03 9.242448e+03
3.2 9.180407e+03 9.275069e+03 9.246434e+03 9.151772e+03
4.2 9.172898e+03 9.209047e+03 9.255193e+03 9.219044e+03
5.2 9.265740e+03 9.272570e+03 9.273533e+03 9.266704e+03
6.2 9.257287e+03 9.290505e+03 9.271574e+03 9.238356e+03
7.2 9.346451e+03 9.323698e+03 9.251486e+03 9.274239e+03
0.7 9.264054e+03 9.279914e+03 9.258308e+03 9.242448e+03
1.7 9.180407e+03 9.275069e+03 9.246434e+03 9.151772e+03
2.7 9.172898e+03 9.209047e+03 9.255193e+03 9.219044e+03
3.7 9.265740e+03 9.272570e+03 9.273533e+03 9.266704e+03
4.7 9.257287e+03 9.290505e+03 9.271574e+03 9.238356e+03
5.7 9.346451e+03 9.323698e+03 9.251486e+03 9.274239e+03
6.7 9.278072e+03 9.268763e+03 9.239943e+03 9.249252e+03
7.7 9.194585e+03 9.212735e+03 9.256903e+03 9.238753e+03
0.9 9.265740e+03 9.272570e+03 9.273533e+03 9.266704e+03
1.9 9.257287e+03 9.290505e+03 9.271574e+03 9.238356e+03
2.9 9.346451e+03 9.323698e+03 9.251486e+03 9.274239e+03
3.9 9.278072e+03 9.268763e+03 9.239943e+03 9.249252e+03
4.9 9.194585e+03 9.212735e+03 9.256903e+03 9.238753e+03
5.9 9.243581e+03 9.208750e+03 9.280613e+03 9.315444e+03
6.9 9.344117e+03 9.314154e+03 9.277892e+03 9.307856e+03
7.9 9.338311e+03 9.289406e+03 9.259002e+03 9.307907e+03
0.5 9.257287e+03 9.290505e+03 9.271574e+03 9.238356e+03
1.5 9.346451e+03 9.323698e+03 9.251486e+03 9.274239e+03
2.5 9.278072e+03 9.268763e+03 9.239943e+03 9.249252e+03
3.5 9.194585e+03 9.212735e+03 9.256903e+03 9.238753e+03
4.5 9.243581e+03 9.208750e+03 9.280613e+03 9.315444e+03
5.5 9.344117e+03 9.314154e+03 9.277892e+03 9.307856e+03
6.5 9.338311e+03 9.289406e+03 9.259002e+03 9.307907e+03
7.5 9.317252e+03 9.277496e+03 9.246732e+03 9.286487e+03
0.2 9.243581e+03 9.208750e+03 9.280613e+03 9.315444e+03
1.2 9.344117e+03 9.314154e+03 9.277892e+03 9.307856e+03
2.2 9.338311e+03 9.289406e+03 9.259002e+03 9.307907e+03
3.2 9.317252e+03 9.277496e+03 9.246732e+03 9.286487e+03
4.2 9.186726e+03 9.209017e+03 9.255411e+03 9.233119e+03
5.2 9.364805e+03 9.273135e+03 9.272827e+03 9.364497e+03
6.2 9.274131e+03 9.294295e+03 9.253227e+03 9.233063e+03
7.2 9.295396e+03 9.288522e+03 9.248100e+03 9.254974e+03
0.7 9.338311e+03 9.289406e+03 9.259002e+03 9.307907e+03
1.7 9.317252e+03 9.277496e+03 9.246732e+03 9.286487e+03
2.7 9.186726e+03 9.209017e+03 9.255411e+03 9.233119e+03
3.7 9.364805e+03 9.273135e+03 9.272827e+03 9.364497e+03
4.7 9.274131e+03 9.294295e+03 9.253227e+03 9.233063e+03
5.7 9.295396e+03 9.288522e+03 9.248100e+03 9.254974e+03
6.7 9.309414e+03 9.260662e+03 9.259984e+03 9.308736e+03
7.7 9.251769e+03 9.248243e+03 9.262928e+03 9.266453e+03
0.9 9.364805e+03 9.273135e+03 9.272827e+03 9.364497e+03
1.9 9.274131e+03 9.294295e+03 9.253227e+03 9.233063e+03
2.9 9.295396e+03 9.288522e+03 9.248100e+03 9.254974e+03
3.9 9.309414e+03 9.260662e+03 9.259984e+03 9.308736e+03
4.9 9.251769e+03 9.248243e+03 9.262928e+03 9.266453e+03
5.9 9.274350e+03 9.275890e+03 9.262392e+03 9.260852e+03
6.9 9.230548e+03 9.264743e+03 9.261732e+03 9.227537e+03
7.9 9.130683e+03 9.210395e+03 9.261529e+03 9.181817e+03
0.9 9.315252e+03 9.290648e+03 9.275338e+03 9.299942e+03
1.9 9.249015e+03 9.300843e+03 9.269928e+03 9.218099e+03
2.9 9.359191e+03 9.311587e+03 9.250617e+03 9.298222e+03
3.9 9.142923e+03 9.215696e+03 9.243068e+03 9.170295e+03
4.9 9.303635e+03 9.237283e+03 9.274442e+03 9.340794e+03
5.9 9.310899e+03 9.327042e+03 9.263299e+03 9.247156e+03
6.9 9.369630e+03 9.285025e+03 9.244490e+03 9.329096e+03
7.9 9.173377e+03 9.213267e+03 9.258007e+03 9.218117e+03
0.5 9.249015e+03 9.300843e+03 9.269928e+03 9.218099e+03
1.5 9.359191e+03 9.311587e+03 9.250617e+03 9.298222e+03
2.5 9.142923e+03 9.215696e+03 9.243068e+03 9.170295e+03
3.5 9.303635e+03 9.237283e+03 9.274442e+03 9.340794e+03
4.5 9.310899e+03 9.327042e+03 9.263299e+03 9.247156e+03
5.5 9.369630e+03 9.285025e+03 9.244490e+03 9.329096e+03
6.5 9.173377e+03 9.213267e+03 9.258007e+03 9.218117e+03
7.5 9.251373e+03 9.225709e+03 9.262971e+03 9.288635e+03
0.6 9.303635e+03 9.237283e+03 9.274442e+03 9.340794e+03
1.6 9.310899e+03 9.327042e+03 9.263299e+03 9.247156e+03
2.6 9.369630e+03 9.285025e+03 9.244490e+03 9.329096e+03
3.6 9.173377e+03 9.213267e+03 9.258007e+03 9.218117e+03
4.6 9.251373e+03 9.225709e+03 9.262971e+03 9.288635e+03
5.6 9.239578e+03 9.298803e+03 9.262984e+03 9.203759e+03
6.6 9.308891e+03 9.271071e+03 9.262246e+03 9.300065e+03
7.6 9.260440e+03 9.265996e+03 9.262012e+03 9.256457e+03
