0.9 9.144508e+03 9.135930e+03 9.146084e+03 9.154663e+03
1.9 9.162294e+03 9.131080e+03 9.150769e+03 9.181984e+03
2.9 9.079882e+03 9.096854e+03 9.111320e+03 9.094347e+03
3.9 9.156401e+03 9.135704e+03 9.102366e+03 9.123063e+03
4.9 9.090374e+03 9.136394e+03 9.113783e+03 9.067763e+03
5.9 9.145327e+03 9.146229e+03 9.160323e+03 9.159420e+03
6.9 9.077217e+03 9.093648e+03 9.114861e+03 9.098430e+03
7.9 9.137540e+03 9.116205e+03 9.121662e+03 9.142997e+03
0.6 9.090374e+03 9.136394e+03 9.113783e+03 9.067763e+03
1.6 9.145327e+03 9.146229e+03 9.160323e+03 9.159420e+03
2.6 9.077217e+03 9.093648e+03 9.114861e+03 9.098430e+03
3.6 9.137540e+03 9.116205e+03 9.121662e+03 9.142997e+03
4.6 9.115607e+03 9.147444e+03 9.149364e+03 9.117527e+03
5.6 9.160715e+03 9.159415e+03 9.168418e+03 9.169718e+03
6.6 9.147611e+03 9.139073e+03 9.153239e+03 9.161777e+03
7.6 9.109895e+03 9.132573e+03 9.140748e+03 9.118071e+03
0.7 9.137540e+03 9.116205e+03 9.121662e+03 9.142997e+03
1.7 9.115607e+03 9.147444e+03 9.149364e+03 9.117527e+03
2.7 9.160715e+03 9.159415e+03 9.168418e+03 9.169718e+03
3.7 9.147611e+03 9.139073e+03 9.153239e+03 9.161777e+03
4.7 9.109895e+03 9.132573e+03 9.140748e+03 9.118071e+03
5.7 9.156429e+03 9.149803e+03 9.159320e+03 9.165946e+03
6.7 9.188886e+03 9.134447e+03 9.109926e+03 9.164365e+03
7.7 9.111770e+03 9.121664e+03 9.095473e+03 9.085578e+03
0.3 9.115607e+03 9.147444e+03 9.149364e+03 9.117527e+03
1.3 9.160715e+03 9.159415e+03 9.168418e+03 9.169718e+03
2.3 9.147611e+03 9.139073e+03 9.153239e+03 9.161777e+03
3.3 9.109895e+03 9.132573e+03 9.140748e+03 9.118071e+03
4.3 9.156429e+03 9.149803e+03 9.159320e+03 9.165946e+03
5.3 9.188886e+03 9.134447e+03 9.109926e+03 9.164365e+03
6.3 9.111770e+03 9.121664e+03 9.095473e+03 9.085578e+03
7.3 9.169040e+03 9.132013e+03 9.097831e+03 9.134858e+03
0.9 9.147611e+03 9.139073e+03 9.153239e+03 9.161777e+03
1.9 9.109895e+03 9.132573e+03 9.140748e+03 9.118071e+03
2.9 9.156429e+03 9.149803e+03 9.159320e+03 9.165946e+03
3.9 9.188886e+03 9.134447e+03 9.109926e+03 9.164365e+03
4.9 9.111770e+03 9.121664e+03 9.095473e+03 9.085578e+03
5.9 9.169040e+03 9.132013e+03 9.097831e+03 9.134858e+03
6.9 9.082192e+03 9.093993e+03 9.101497e+03 9.089696e+03
7.9 9.113621e+03 9.116835e+03 9.124604e+03 9.121389e+03
0.5 9.109895e+03 9.132573e+03 9.140748e+03 9.118071e+03
1.5 9.156429e+03 9.149803e+03 9.159320e+03 9.165946e+03
2.5 9.188886e+03 9.134447e+03 9.109926e+03 9.164365e+03
3.5 9.111770e+03 9.121664e+03 9.095473e+03 9.085578e+03
4.5 9.169040e+03 9.132013e+03 9.097831e+03 9.134858e+03
5.5 9.082192e+03 9.093993e+03 9.101497e+03 9.089696e+03
6.5 9.113621e+03 9.116835e+03 9.124604e+03 9.121389e+03
7.5 9.153516e+03 9.136506e+03 9.151985e+03 9.168994e+03
0.7 9.113621e+03 9.116835e+03 9.124604e+03 9.121389e+03
1.7 9.153516e+03 9.136506e+03 9.151985e+03 9.168994e+03
2.7 9.085316e+03 9.089918e+03 9.109341e+03 9.104740e+03
3.7 9.089145e+03 9.087272e+03 9.098615e+03 9.100488e+03
4.7 9.108838e+03 9.091222e+03 9.100518e+03 9.118135e+03
5.7 9.038740e+03 9.093446e+03 9.103268e+03 9.048562e+03
6.7 9.072702e+03 9.095470e+03 9.104396e+03 9.081627e+03
7.7 9.121418e+03 9.113002e+03 9.114858e+03 9.123274e+03
0.6 9.121418e+03 9.113002e+03 9.114858e+03 9.123274e+03
1.6 9.149996e+03 9.157720e+03 9.160277e+03 9.152553e+03
2.6 9.140227e+03 9.156509e+03 9.171340e+03 9.155058e+03
3.6 9.147122e+03 9.131985e+03 9.148996e+03 9.164133e+03
4.6 9.135537e+03 9.138799e+03 9.149702e+03 9.146439e+03
5.6 9.147168e+03 9.150140e+03 9.166154e+03 9.163182e+03
6.6 9.095899e+03 9.127111e+03 9.119336e+03 9.088124e+03
7.6 9.155617e+03 9.113280e+03 9.100540e+03 9.142878e+03
0.2 9.149996e+03 9.157720e+03 9.160277e+03 9.152553e+03
1.2 9.140227e+03 9.156509e+03 9.171340e+03 9.155058e+03
2.2 9.147122e+03 9.131985e+03 9.148996e+03 9.164133e+03
3.2 9.135537e+03 9.138799e+03 9.149702e+03 9.146439e+03
4.2 9.147168e+03 9.150140e+03 9.166154e+03 9.163182e+03
5.2 9.095899e+03 9.127111e+03 9.119336e+03 9.088124e+03
6.2 9.155617e+03 9.113280e+03 9.100540e+03 9.142878e+03
7.2 9.075436e+03 9.089930e+03 9.102257e+03 9.087763e+03
0.7 9.147122e+03 9.131985e+03 9.148996e+03 9.164133e+03
1.7 9.135537e+03 9.138799e+03 9.149702e+03 9.146439e+03
2.7 9.147168e+03 9.150140e+03 9.166154e+03 9.163182e+03
3.7 9.095899e+03 9.127111e+03 9.119336e+03 9.088124e+03
4.7 9.155617e+03 9.113280e+03 9.100540e+03 9.142878e+03
5.7 9.075436e+03 9.089930e+03 9.102257e+03 9.087763e+03
6.7 9.158923e+03 9.130799e+03 9.106564e+03 9.134688e+03
7.7 9.132109e+03 9.127523e+03 9.108665e+03 9.113252e+03
0.3 9.135537e+03 9.138799e+03 9.149702e+03 9.146439e+03
1.3 9.147168e+03 9.150140e+03 9.166154e+03 9.163182e+03
2.3 9.095899e+03 9.127111e+03 9.119336e+03 9.088124e+03
3.3 9.155617e+03 9.113280e+03 9.100540e+03 9.142878e+03
4.3 9.075436e+03 9.089930e+03 9.102257e+03 9.087763e+03
5.3 9.158923e+03 9.130799e+03 9.106564e+03 9.134688e+03
6.3 9.132109e+03 9.127523e+03 9.108665e+03 9.113252e+03
7.3 9.121893e+03 9.140276e+03 9.109452e+03 9.091068e+03
0.7 9.184183e+03 9.131290e+03 9.131883e+03 9.184776e+03
1.7 9.105840e+03 9.137254e+03 9.159185e+03 9.127771e+03
2.7 9.144396e+03 9.140528e+03 9.116623e+03 9.120491e+03
3.7 9.157866e+03 9.128753e+03 9.105904e+03 9.135017e+03
4.7 9.122048e+03 9.116176e+03 9.107768e+03 9.113640e+03
5.7 9.094288e+03 9.091692e+03 9.110413e+03 9.113008e+03
6.7 9.118891e+03 9.132072e+03 9.111351e+03 9.098170e+03
7.7 9.156461e+03 9.128858e+03 9.111540e+03 9.139143e+03
0.9 9.117176e+03 9.136314e+03 9.146329e+03 9.127191e+03
1.9 9.111427e+03 9.129409e+03 9.151983e+03 9.134001e+03
2.9 9.082563e+03 9.096951e+03 9.113392e+03 9.099004e+03
3.9 9.149232e+03 9.142401e+03 9.152808e+03 9.159639e+03
4.9 9.101029e+03 9.135909e+03 9.150665e+03 9.115785e+03
5.9 9.134169e+03 9.147390e+03 9.164565e+03 9.151344e+03
6.9 9.130215e+03 9.138886e+03 9.114065e+03 9.105394e+03
7.9 9.073331e+03 9.123250e+03 9.102281e+03 9.052363e+03
1.0 9.149232e+03 9.142401e+03 9.152808e+03 9.159639e+03
2.0 9.101029e+03 9.135909e+03 9.150665e+03 9.115785e+03
3.0 9.134169e+03 9.147390e+03 9.164565e+03 9.151344e+03
4.0 9.130215e+03 9.138886e+03 9.114065e+03 9.105394e+03
5.0 9.073331e+03 9.123250e+03 9.102281e+03 9.052363e+03
6.0 9.122644e+03 9.123635e+03 9.104933e+03 9.103942e+03
7.0 9.090436e+03 9.090681e+03 9.107999e+03 9.107754e+03
8.0 9.119717e+03 9.120023e+03 9.108908e+03 9.108601e+03
0.6 9.101029e+03 9.135909e+03 9.150665e+03 9.115785e+03
1.6 9.134169e+03 9.147390e+03 9.164565e+03 9.151344e+03
2.6 9.130215e+03 9.138886e+03 9.114065e+03 9.105394e+03
3.6 9.073331e+03 9.123250e+03 9.102281e+03 9.052363e+03
4.6 9.122644e+03 9.123635e+03 9.104933e+03 9.103942e+03
5.6 9.090436e+03 9.090681e+03 9.107999e+03 9.107754e+03
6.6 9.119717e+03 9.120023e+03 9.108908e+03 9.108601e+03
7.6 9.104228e+03 9.129344e+03 9.108915e+03 9.083798e+03
1.0 9.155192e+03 9.145128e+03 9.156076e+03 9.166140e+03
2.0 9.133053e+03 9.109453e+03 9.141604e+03 9.165204e+03
3.0 9.122295e+03 9.087550e+03 9.108127e+03 9.142872e+03
4.0 9.157809e+03 9.137111e+03 9.102318e+03 9.123016e+03
5.0 9.084865e+03 9.128712e+03 9.104693e+03 9.060846e+03
6.0 9.121410e+03 9.125584e+03 9.106390e+03 9.102216e+03
7.0 9.073003e+03 9.090084e+03 9.106645e+03 9.089564e+03
8.0 9.137723e+03 9.119210e+03 9.106435e+03 9.124948e+03
0.5 9.151106e+03 9.132838e+03 9.109060e+03 9.127328e+03
1.5 9.194057e+03 9.157354e+03 9.165065e+03 9.201768e+03
2.5 9.143510e+03 9.144467e+03 9.167291e+03 9.166334e+03
3.5 9.136284e+03 9.126701e+03 9.144402e+03 9.153985e+03
4.5 9.152931e+03 9.145208e+03 9.155630e+03 9.163352e+03
5.5 9.144751e+03 9.144636e+03 9.163299e+03 9.163413e+03
6.5 9.084917e+03 9.098907e+03 9.122492e+03 9.108503e+03
7.5 9.096915e+03 9.081276e+03 9.097337e+03 9.112976e+03
1.0 9.143510e+03 9.144467e+03 9.167291e+03 9.166334e+03
2.0 9.136284e+03 9.126701e+03 9.144402e+03 9.153985e+03
3.0 9.152931e+03 9.145208e+03 9.155630e+03 9.163352e+03
4.0 9.144751e+03 9.144636e+03 9.163299e+03 9.163413e+03
5.0 9.084917e+03 9.098907e+03 9.122492e+03 9.108503e+03
6.0 9.096915e+03 9.081276e+03 9.097337e+03 9.112976e+03
7.0 9.089549e+03 9.089870e+03 9.096802e+03 9.096482e+03
8.0 9.130072e+03 9.124628e+03 9.100368e+03 9.105812e+03
0.6 9.136284e+03 9.126701e+03 9.144402e+03 9.153985e+03
1.6 9.152931e+03 9.145208e+03 9.155630e+03 9.163352e+03
2.6 9.144751e+03 9.144636e+03 9.163299e+03 9.163413e+03
3.6 9.084917e+03 9.098907e+03 9.122492e+03 9.108503e+03
4.6 9.096915e+03 9.081276e+03 9.097337e+03 9.112976e+03
5.6 9.089549e+03 9.089870e+03 9.096802e+03 9.096482e+03
6.6 9.130072e+03 9.124628e+03 9.100368e+03 9.105812e+03
7.6 9.082081e+03 9.131390e+03 9.101844e+03 9.052535e+03
0.2 9.152931e+03 9.145208e+03 9.155630e+03 9.163352e+03
1.2 9.144751e+03 9.144636e+03 9.163299e+03 9.163413e+03
2.2 9.084917e+03 9.098907e+03 9.122492e+03 9.108503e+03
3.2 9.096915e+03 9.081276e+03 9.097337e+03 9.112976e+03
4.2 9.089549e+03 9.089870e+03 9.096802e+03 9.096482e+03
5.2 9.130072e+03 9.124628e+03 9.100368e+03 9.105812e+03
6.2 9.082081e+03 9.131390e+03 9.101844e+03 9.052535e+03
7.2 9.152160e+03 9.139896e+03 9.101786e+03 9.114049e+03
0.2 9.168607e+03 9.143338e+03 9.099859e+03 9.125129e+03
1.2 9.142639e+03 9.152314e+03 9.155175e+03 9.145500e+03
2.2 9.147652e+03 9.101578e+03 9.124226e+03 9.170299e+03
3.2 9.097955e+03 9.091358e+03 9.095637e+03 9.102233e+03
4.2 9.190883e+03 9.153417e+03 9.150637e+03 9.188103e+03
5.2 9.109539e+03 9.139734e+03 9.147281e+03 9.117086e+03
6.2 9.126491e+03 9.130236e+03 9.133482e+03 9.129736e+03
7.2 9.144327e+03 9.139857e+03 9.148619e+03 9.153089e+03
0.3 9.097955e+03 9.091358e+03 9.095637e+03 9.102233e+03
1.3 9.190883e+03 9.153417e+03 9.150637e+03 9.188103e+03
2.3 9.109539e+03 9.139734e+03 9.147281e+03 9.117086e+03
3.3 9.126491e+03 9.130236e+03 9.133482e+03 9.129736e+03
4.3 9.144327e+03 9.139857e+03 9.148619e+03 9.153089e+03
0.9 9.109539e+03 9.139734e+03 9.147281e+03 9.117086e+03
1.9 9.126491e+03 9.130236e+03 9.133482e+03 9.129736e+03
2.9 9.144327e+03 9.139857e+03 9.148619e+03 9.153089e+03
0.5 9.126491e+03 9.130236e+03 9.133482e+03 9.129736e+03
1.5 9.144327e+03 9.139857e+03 9.148619e+03 9.153089e+03
