0.5 1.009131e+04 1.011274e+04 1.010987e+04 1.008844e+04
1.5 1.012528e+04 1.009500e+04 1.010599e+04 1.013628e+04
2.5 1.008161e+04 1.009842e+04 1.010072e+04 1.008391e+04
3.5 1.012628e+04 1.010629e+04 1.010805e+04 1.012803e+04
4.5 1.006541e+04 1.009225e+04 1.010528e+04 1.007844e+04
5.5 1.011888e+04 1.009746e+04 1.010232e+04 1.012374e+04
6.5 1.012313e+04 1.010006e+04 1.010809e+04 1.013116e+04
7.5 1.008694e+04 1.008863e+04 1.010414e+04 1.010245e+04
0.6 1.012628e+04 1.010629e+04 1.010805e+04 1.012803e+04
1.6 1.006541e+04 1.009225e+04 1.010528e+04 1.007844e+04
2.6 1.011888e+04 1.009746e+04 1.010232e+04 1.012374e+04
3.6 1.012313e+04 1.010006e+04 1.010809e+04 1.013116e+04
4.6 1.008694e+04 1.008863e+04 1.010414e+04 1.010245e+04
5.6 1.011579e+04 1.009187e+04 1.010104e+04 1.012495e+04
6.6 1.014767e+04 1.012775e+04 1.010446e+04 1.012438e+04
7.6 1.014820e+04 1.013532e+04 1.010547e+04 1.011835e+04
0.7 1.012313e+04 1.010006e+04 1.010809e+04 1.013116e+04
1.7 1.008694e+04 1.008863e+04 1.010414e+04 1.010245e+04
2.7 1.011579e+04 1.009187e+04 1.010104e+04 1.012495e+04
3.7 1.014767e+04 1.012775e+04 1.010446e+04 1.012438e+04
4.7 1.014820e+04 1.013532e+04 1.010547e+04 1.011835e+04
5.7 1.006874e+04 1.010365e+04 1.010927e+04 1.007436e+04
6.7 1.007030e+04 1.008149e+04 1.010793e+04 1.009674e+04
7.7 1.008533e+04 1.008598e+04 1.010127e+04 1.010062e+04
1.0 1.007030e+04 1.008149e+04 1.010793e+04 1.009674e+04
2.0 1.008533e+04 1.008598e+04 1.010127e+04 1.010062e+04
3.0 1.017568e+04 1.013790e+04 1.010196e+04 1.013974e+04
4.0 1.014266e+04 1.010276e+04 1.010487e+04 1.014477e+04
5.0 1.013026e+04 1.010600e+04 1.010548e+04 1.012975e+04
6.0 1.011075e+04 1.012970e+04 1.010531e+04 1.008636e+04
7.0 1.015431e+04 1.014811e+04 1.010515e+04 1.011135e+04
8.0 1.008800e+04 1.013561e+04 1.010510e+04 1.005749e+04
1.0 1.012829e+04 1.009106e+04 1.010862e+04 1.014585e+04
2.0 1.010217e+04 1.007411e+04 1.010570e+04 1.013375e+04
3.0 1.010320e+04 1.006909e+04 1.010188e+04 1.013600e+04
4.0 1.006698e+04 1.008098e+04 1.009994e+04 1.008594e+04
5.0 1.012730e+04 1.010779e+04 1.010431e+04 1.012382e+04
6.0 1.016672e+04 1.013550e+04 1.010553e+04 1.013675e+04
7.0 1.006841e+04 1.009792e+04 1.010538e+04 1.007586e+04
8.0 1.006834e+04 1.008615e+04 1.010512e+04 1.008731e+04
0.6 1.010217e+04 1.007411e+04 1.010570e+04 1.013375e+04
1.6 1.010320e+04 1.006909e+04 1.010188e+04 1.013600e+04
2.6 1.006698e+04 1.008098e+04 1.009994e+04 1.008594e+04
3.6 1.012730e+04 1.010779e+04 1.010431e+04 1.012382e+04
4.6 1.016672e+04 1.013550e+04 1.010553e+04 1.013675e+04
5.6 1.006841e+04 1.009792e+04 1.010538e+04 1.007586e+04
6.6 1.006834e+04 1.008615e+04 1.010512e+04 1.008731e+04
7.6 1.004514e+04 1.008727e+04 1.010502e+04 1.006289e+04
0.9 1.013136e+04 1.010350e+04 1.010831e+04 1.013617e+04
1.9 1.011992e+04 1.007763e+04 1.010232e+04 1.014460e+04
2.9 1.013623e+04 1.008970e+04 1.010507e+04 1.015159e+04
3.9 1.010969e+04 1.008787e+04 1.010806e+04 1.012988e+04
4.9 1.005380e+04 1.008836e+04 1.010599e+04 1.007143e+04
5.9 1.007775e+04 1.008675e+04 1.010664e+04 1.009764e+04
6.9 1.007664e+04 1.008059e+04 1.010212e+04 1.009817e+04
7.9 1.014397e+04 1.010608e+04 1.009963e+04 1.013753e+04
1.0 1.010969e+04 1.008787e+04 1.010806e+04 1.012988e+04
2.0 1.005380e+04 1.008836e+04 1.010599e+04 1.007143e+04
3.0 1.007775e+04 1.008675e+04 1.010664e+04 1.009764e+04
4.0 1.007664e+04 1.008059e+04 1.010212e+04 1.009817e+04
5.0 1.014397e+04 1.010608e+04 1.009963e+04 1.013753e+04
6.0 1.012374e+04 1.014681e+04 1.010786e+04 1.008480e+04
7.0 1.014270e+04 1.009891e+04 1.010983e+04 1.015361e+04
8.0 1.008535e+04 1.008175e+04 1.010377e+04 1.010736e+04
0.6 1.005380e+04 1.008836e+04 1.010599e+04 1.007143e+04
1.6 1.007775e+04 1.008675e+04 1.010664e+04 1.009764e+04
2.6 1.007664e+04 1.008059e+04 1.010212e+04 1.009817e+04
3.6 1.014397e+04 1.010608e+04 1.009963e+04 1.013753e+04
4.6 1.012374e+04 1.014681e+04 1.010786e+04 1.008480e+04
5.6 1.014270e+04 1.009891e+04 1.010983e+04 1.015361e+04
6.6 1.008535e+04 1.008175e+04 1.010377e+04 1.010736e+04
7.6 1.004649e+04 1.008312e+04 1.010062e+04 1.006399e+04
0.2 1.007775e+04 1.008675e+04 1.010664e+04 1.009764e+04
1.2 1.007664e+04 1.008059e+04 1.010212e+04 1.009817e+04
2.2 1.014397e+04 1.010608e+04 1.009963e+04 1.013753e+04
3.2 1.012374e+04 1.014681e+04 1.010786e+04 1.008480e+04
4.2 1.014270e+04 1.009891e+04 1.010983e+04 1.015361e+04
5.2 1.008535e+04 1.008175e+04 1.010377e+04 1.010736e+04
6.2 1.004649e+04 1.008312e+04 1.010062e+04 1.006399e+04
7.2 1.008609e+04 1.009902e+04 1.010532e+04 1.009239e+04
0.3 1.012374e+04 1.014681e+04 1.010786e+04 1.008480e+04
1.3 1.014270e+04 1.009891e+04 1.010983e+04 1.015361e+04
2.3 1.008535e+04 1.008175e+04 1.010377e+04 1.010736e+04
3.3 1.004649e+04 1.008312e+04 1.010062e+04 1.006399e+04
4.3 1.008609e+04 1.009902e+04 1.010532e+04 1.009239e+04
5.3 1.008842e+04 1.009368e+04 1.010853e+04 1.010327e+04
6.3 1.009643e+04 1.009167e+04 1.010624e+04 1.011101e+04
7.3 1.003578e+04 1.008440e+04 1.010219e+04 1.005357e+04
0.9 1.008535e+04 1.008175e+04 1.010377e+04 1.010736e+04
1.9 1.004649e+04 1.008312e+04 1.010062e+04 1.006399e+04
2.9 1.008609e+04 1.009902e+04 1.010532e+04 1.009239e+04
3.9 1.008842e+04 1.009368e+04 1.010853e+04 1.010327e+04
4.9 1.009643e+04 1.009167e+04 1.010624e+04 1.011101e+04
5.9 1.003578e+04 1.008440e+04 1.010219e+04 1.005357e+04
6.9 1.012423e+04 1.009336e+04 1.010006e+04 1.013093e+04
7.9 1.009562e+04 1.010013e+04 1.010438e+04 1.009987e+04
1.0 1.008842e+04 1.009368e+04 1.010853e+04 1.010327e+04
2.0 1.009643e+04 1.009167e+04 1.010624e+04 1.011101e+04
3.0 1.003578e+04 1.008440e+04 1.010219e+04 1.005357e+04
4.0 1.012423e+04 1.009336e+04 1.010006e+04 1.013093e+04
5.0 1.009562e+04 1.010013e+04 1.010438e+04 1.009987e+04
6.0 1.013484e+04 1.010057e+04 1.010559e+04 1.013986e+04
7.0 1.011259e+04 1.009819e+04 1.010544e+04 1.011984e+04
8.0 1.014377e+04 1.012894e+04 1.010519e+04 1.012003e+04
0.6 1.009643e+04 1.009167e+04 1.010624e+04 1.011101e+04
1.6 1.003578e+04 1.008440e+04 1.010219e+04 1.005357e+04
2.6 1.012423e+04 1.009336e+04 1.010006e+04 1.013093e+04
3.6 1.009562e+04 1.010013e+04 1.010438e+04 1.009987e+04
4.6 1.013484e+04 1.010057e+04 1.010559e+04 1.013986e+04
5.6 1.011259e+04 1.009819e+04 1.010544e+04 1.011984e+04
6.6 1.014377e+04 1.012894e+04 1.010519e+04 1.012003e+04
7.6 1.014313e+04 1.013669e+04 1.010510e+04 1.011154e+04
0.2 1.010824e+04 1.015260e+04 1.010964e+04 1.006528e+04
1.2 1.010088e+04 1.009517e+04 1.010898e+04 1.011469e+04
2.2 1.007430e+04 1.007976e+04 1.010432e+04 1.009887e+04
3.2 1.008441e+04 1.007868e+04 1.010123e+04 1.010697e+04
4.2 1.008455e+04 1.009406e+04 1.010351e+04 1.009400e+04
5.2 1.011030e+04 1.009371e+04 1.010828e+04 1.012487e+04
6.2 1.009109e+04 1.009055e+04 1.010777e+04 1.010831e+04
7.2 1.008957e+04 1.007867e+04 1.010255e+04 1.011345e+04
0.7 1.007430e+04 1.007976e+04 1.010432e+04 1.009887e+04
1.7 1.008441e+04 1.007868e+04 1.010123e+04 1.010697e+04
2.7 1.008455e+04 1.009406e+04 1.010351e+04 1.009400e+04
3.7 1.011030e+04 1.009371e+04 1.010828e+04 1.012487e+04
4.7 1.009109e+04 1.009055e+04 1.010777e+04 1.010831e+04
5.7 1.008957e+04 1.007867e+04 1.010255e+04 1.011345e+04
6.7 1.015240e+04 1.013024e+04 1.009954e+04 1.012170e+04
7.7 1.014187e+04 1.012830e+04 1.010396e+04 1.011753e+04
0.9 1.011030e+04 1.009371e+04 1.010828e+04 1.012487e+04
1.9 1.009109e+04 1.009055e+04 1.010777e+04 1.010831e+04
2.9 1.008957e+04 1.007867e+04 1.010255e+04 1.011345e+04
3.9 1.015240e+04 1.013024e+04 1.009954e+04 1.012170e+04
4.9 1.014187e+04 1.012830e+04 1.010396e+04 1.011753e+04
5.9 1.013102e+04 1.010364e+04 1.011012e+04 1.013751e+04
6.9 1.006483e+04 1.008302e+04 1.010942e+04 1.009123e+04
7.9 1.004517e+04 1.008144e+04 1.010450e+04 1.006823e+04
0.5 1.009109e+04 1.009055e+04 1.010777e+04 1.010831e+04
1.5 1.008957e+04 1.007867e+04 1.010255e+04 1.011345e+04
2.5 1.015240e+04 1.013024e+04 1.009954e+04 1.012170e+04
3.5 1.014187e+04 1.012830e+04 1.010396e+04 1.011753e+04
4.5 1.013102e+04 1.010364e+04 1.011012e+04 1.013751e+04
5.5 1.006483e+04 1.008302e+04 1.010942e+04 1.009123e+04
6.5 1.004517e+04 1.008144e+04 1.010450e+04 1.006823e+04
7.5 1.007371e+04 1.007993e+04 1.010131e+04 1.009509e+04
0.2 1.013102e+04 1.010364e+04 1.011012e+04 1.013751e+04
1.2 1.006483e+04 1.008302e+04 1.010942e+04 1.009123e+04
2.2 1.004517e+04 1.008144e+04 1.010450e+04 1.006823e+04
3.2 1.007371e+04 1.007993e+04 1.010131e+04 1.009509e+04
4.2 1.009472e+04 1.009269e+04 1.010357e+04 1.010560e+04
5.2 1.009001e+04 1.009082e+04 1.010810e+04 1.010728e+04
6.2 1.007529e+04 1.008378e+04 1.010300e+04 1.009451e+04
7.2 1.015389e+04 1.014046e+04 1.010167e+04 1.011510e+04
0.7 1.004517e+04 1.008144e+04 1.010450e+04 1.006823e+04
1.7 1.007371e+04 1.007993e+04 1.010131e+04 1.009509e+04
2.7 1.009472e+04 1.009269e+04 1.010357e+04 1.010560e+04
3.7 1.009001e+04 1.009082e+04 1.010810e+04 1.010728e+04
4.7 1.007529e+04 1.008378e+04 1.010300e+04 1.009451e+04
5.7 1.015389e+04 1.014046e+04 1.010167e+04 1.011510e+04
6.7 1.013254e+04 1.015007e+04 1.010476e+04 1.008723e+04
7.7 1.018453e+04 1.012933e+04 1.010552e+04 1.016072e+04
0.9 1.009001e+04 1.009082e+04 1.010810e+04 1.010728e+04
1.9 1.007529e+04 1.008378e+04 1.010300e+04 1.009451e+04
2.9 1.015389e+04 1.014046e+04 1.010167e+04 1.011510e+04
3.9 1.013254e+04 1.015007e+04 1.010476e+04 1.008723e+04
4.9 1.018453e+04 1.012933e+04 1.010552e+04 1.016072e+04
5.9 1.017891e+04 1.013747e+04 1.010538e+04 1.014683e+04
6.9 1.010833e+04 1.014592e+04 1.010521e+04 1.006762e+04
7.9 1.008094e+04 1.011041e+04 1.010516e+04 1.007569e+04
0.9 1.011031e+04 1.008324e+04 1.010875e+04 1.013582e+04
1.9 1.004472e+04 1.008123e+04 1.010734e+04 1.007083e+04
2.9 1.004782e+04 1.007212e+04 1.010232e+04 1.007802e+04
3.9 1.001680e+04 1.008137e+04 1.010036e+04 1.003579e+04
4.9 1.007885e+04 1.009014e+04 1.010852e+04 1.009723e+04
5.9 1.006456e+04 1.007381e+04 1.010562e+04 1.009638e+04
6.9 1.014445e+04 1.012882e+04 1.010073e+04 1.011636e+04
7.9 1.016500e+04 1.011053e+04 1.010424e+04 1.015872e+04
0.5 1.004472e+04 1.008123e+04 1.010734e+04 1.007083e+04
1.5 1.004782e+04 1.007212e+04 1.010232e+04 1.007802e+04
2.5 1.001680e+04 1.008137e+04 1.010036e+04 1.003579e+04
3.5 1.007885e+04 1.009014e+04 1.010852e+04 1.009723e+04
4.5 1.006456e+04 1.007381e+04 1.010562e+04 1.009638e+04
5.5 1.014445e+04 1.012882e+04 1.010073e+04 1.011636e+04
6.5 1.016500e+04 1.011053e+04 1.010424e+04 1.015872e+04
7.5 1.011996e+04 1.008241e+04 1.010553e+04 1.014309e+04
0.6 1.007885e+04 1.009014e+04 1.010852e+04 1.009723e+04
1.6 1.006456e+04 1.007381e+04 1.010562e+04 1.009638e+04
2.6 1.014445e+04 1.012882e+04 1.010073e+04 1.011636e+04
3.6 1.016500e+04 1.011053e+04 1.010424e+04 1.015872e+04
4.6 1.011996e+04 1.008241e+04 1.010553e+04 1.014309e+04
5.6 1.012958e+04 1.012993e+04 1.010554e+04 1.010519e+04
6.6 1.011072e+04 1.012893e+04 1.010535e+04 1.008714e+04
7.6 1.012309e+04 1.011549e+04 1.010529e+04 1.011289e+04
