0.5 9.518760e+03 9.552489e+03 9.558667e+03 9.524938e+03
1.5 9.607486e+03 9.575040e+03 9.553852e+03 9.586299e+03
2.5 9.521356e+03 9.543760e+03 9.547306e+03 9.524903e+03
3.5 9.545822e+03 9.547068e+03 9.556404e+03 9.555157e+03
4.5 9.581584e+03 9.565223e+03 9.552964e+03 9.569325e+03
5.5 9.535880e+03 9.538211e+03 9.549288e+03 9.546957e+03
6.5 9.581357e+03 9.548433e+03 9.556453e+03 9.589377e+03
7.5 9.555349e+03 9.556727e+03 9.551552e+03 9.550175e+03
0.6 9.545822e+03 9.547068e+03 9.556404e+03 9.555157e+03
1.6 9.581584e+03 9.565223e+03 9.552964e+03 9.569325e+03
2.6 9.535880e+03 9.538211e+03 9.549288e+03 9.546957e+03
3.6 9.581357e+03 9.548433e+03 9.556453e+03 9.589377e+03
4.6 9.555349e+03 9.556727e+03 9.551552e+03 9.550175e+03
5.6 9.533948e+03 9.534417e+03 9.547699e+03 9.547229e+03
6.6 9.581982e+03 9.569785e+03 9.551947e+03 9.564144e+03
7.6 9.595611e+03 9.570025e+03 9.553206e+03 9.578792e+03
0.7 9.581357e+03 9.548433e+03 9.556453e+03 9.589377e+03
1.7 9.555349e+03 9.556727e+03 9.551552e+03 9.550175e+03
2.7 9.533948e+03 9.534417e+03 9.547699e+03 9.547229e+03
3.7 9.581982e+03 9.569785e+03 9.551947e+03 9.564144e+03
4.7 9.595611e+03 9.570025e+03 9.553206e+03 9.578792e+03
5.7 9.514009e+03 9.533776e+03 9.557920e+03 9.538154e+03
6.7 9.560511e+03 9.552744e+03 9.556261e+03 9.564028e+03
7.7 9.525130e+03 9.554584e+03 9.547993e+03 9.518538e+03
1.0 9.560511e+03 9.552744e+03 9.556261e+03 9.564028e+03
2.0 9.525130e+03 9.554584e+03 9.547993e+03 9.518538e+03
3.0 9.598060e+03 9.581554e+03 9.548841e+03 9.565347e+03
4.0 9.536679e+03 9.531298e+03 9.552462e+03 9.557844e+03
5.0 9.571595e+03 9.547621e+03 9.553219e+03 9.577193e+03
6.0 9.552545e+03 9.578578e+03 9.553002e+03 9.526969e+03
7.0 9.597247e+03 9.594529e+03 9.552807e+03 9.555525e+03
8.0 9.562632e+03 9.575776e+03 9.552745e+03 9.539602e+03
1.0 9.607439e+03 9.556216e+03 9.557118e+03 9.608341e+03
2.0 9.542637e+03 9.540305e+03 9.553490e+03 9.555822e+03
3.0 9.581538e+03 9.545834e+03 9.548751e+03 9.584455e+03
4.0 9.513096e+03 9.522919e+03 9.546338e+03 9.536515e+03
5.0 9.545739e+03 9.548597e+03 9.551769e+03 9.548911e+03
6.0 9.594549e+03 9.573711e+03 9.553273e+03 9.574111e+03
7.0 9.514519e+03 9.527000e+03 9.553090e+03 9.540608e+03
8.0 9.516242e+03 9.520178e+03 9.552770e+03 9.548834e+03
0.6 9.542637e+03 9.540305e+03 9.553490e+03 9.555822e+03
1.6 9.581538e+03 9.545834e+03 9.548751e+03 9.584455e+03
2.6 9.513096e+03 9.522919e+03 9.546338e+03 9.536515e+03
3.6 9.545739e+03 9.548597e+03 9.551769e+03 9.548911e+03
4.6 9.594549e+03 9.573711e+03 9.553273e+03 9.574111e+03
5.6 9.514519e+03 9.527000e+03 9.553090e+03 9.540608e+03
6.6 9.516242e+03 9.520178e+03 9.552770e+03 9.548834e+03
7.6 9.522324e+03 9.523246e+03 9.552647e+03 9.551726e+03
0.9 9.549382e+03 9.555628e+03 9.556736e+03 9.550490e+03
1.9 9.579446e+03 9.535890e+03 9.549290e+03 9.592846e+03
2.9 9.528902e+03 9.523203e+03 9.552702e+03 9.558401e+03
3.9 9.578012e+03 9.551541e+03 9.556417e+03 9.582888e+03
4.9 9.542691e+03 9.549558e+03 9.553848e+03 9.546981e+03
5.9 9.540255e+03 9.558056e+03 9.554657e+03 9.536856e+03
6.9 9.510149e+03 9.557754e+03 9.549044e+03 9.501439e+03
7.9 9.608875e+03 9.558597e+03 9.545955e+03 9.596233e+03
1.0 9.578012e+03 9.551541e+03 9.556417e+03 9.582888e+03
2.0 9.542691e+03 9.549558e+03 9.553848e+03 9.546981e+03
3.0 9.540255e+03 9.558056e+03 9.554657e+03 9.536856e+03
4.0 9.510149e+03 9.557754e+03 9.549044e+03 9.501439e+03
5.0 9.608875e+03 9.558597e+03 9.545955e+03 9.596233e+03
6.0 9.553721e+03 9.578292e+03 9.556176e+03 9.531606e+03
7.0 9.579716e+03 9.563260e+03 9.558613e+03 9.575068e+03
8.0 9.567495e+03 9.548277e+03 9.551087e+03 9.570306e+03
0.6 9.542691e+03 9.549558e+03 9.553848e+03 9.546981e+03
1.6 9.540255e+03 9.558056e+03 9.554657e+03 9.536856e+03
2.6 9.510149e+03 9.557754e+03 9.549044e+03 9.501439e+03
3.6 9.608875e+03 9.558597e+03 9.545955e+03 9.596233e+03
4.6 9.553721e+03 9.578292e+03 9.556176e+03 9.531606e+03
5.6 9.579716e+03 9.563260e+03 9.558613e+03 9.575068e+03
6.6 9.567495e+03 9.548277e+03 9.551087e+03 9.570306e+03
7.6 9.529903e+03 9.539813e+03 9.547180e+03 9.537270e+03
0.2 9.540255e+03 9.558056e+03 9.554657e+03 9.536856e+03
1.2 9.510149e+03 9.557754e+03 9.549044e+03 9.501439e+03
2.2 9.608875e+03 9.558597e+03 9.545955e+03 9.596233e+03
3.2 9.553721e+03 9.578292e+03 9.556176e+03 9.531606e+03
4.2 9.579716e+03 9.563260e+03 9.558613e+03 9.575068e+03
5.2 9.567495e+03 9.548277e+03 9.551087e+03 9.570306e+03
6.2 9.529903e+03 9.539813e+03 9.547180e+03 9.537270e+03
7.2 9.525888e+03 9.527932e+03 9.553013e+03 9.550970e+03
0.3 9.553721e+03 9.578292e+03 9.556176e+03 9.531606e+03
1.3 9.579716e+03 9.563260e+03 9.558613e+03 9.575068e+03
2.3 9.567495e+03 9.548277e+03 9.551087e+03 9.570306e+03
3.3 9.529903e+03 9.539813e+03 9.547180e+03 9.537270e+03
4.3 9.525888e+03 9.527932e+03 9.553013e+03 9.550970e+03
5.3 9.542701e+03 9.554647e+03 9.557004e+03 9.545058e+03
6.3 9.571947e+03 9.551755e+03 9.554162e+03 9.574354e+03
7.3 9.504672e+03 9.554252e+03 9.549134e+03 9.499554e+03
0.9 9.567495e+03 9.548277e+03 9.551087e+03 9.570306e+03
1.9 9.529903e+03 9.539813e+03 9.547180e+03 9.537270e+03
2.9 9.525888e+03 9.527932e+03 9.553013e+03 9.550970e+03
3.9 9.542701e+03 9.554647e+03 9.557004e+03 9.545058e+03
4.9 9.571947e+03 9.551755e+03 9.554162e+03 9.574354e+03
5.9 9.504672e+03 9.554252e+03 9.549134e+03 9.499554e+03
6.9 9.578669e+03 9.525769e+03 9.546485e+03 9.599385e+03
7.9 9.538988e+03 9.525189e+03 9.551853e+03 9.565652e+03
1.0 9.542701e+03 9.554647e+03 9.557004e+03 9.545058e+03
2.0 9.571947e+03 9.551755e+03 9.554162e+03 9.574354e+03
3.0 9.504672e+03 9.554252e+03 9.549134e+03 9.499554e+03
4.0 9.578669e+03 9.525769e+03 9.546485e+03 9.599385e+03
5.0 9.538988e+03 9.525189e+03 9.551853e+03 9.565652e+03
6.0 9.550915e+03 9.528129e+03 9.553350e+03 9.576136e+03
7.0 9.545326e+03 9.532936e+03 9.553171e+03 9.565560e+03
8.0 9.565524e+03 9.570428e+03 9.552860e+03 9.547956e+03
0.6 9.571947e+03 9.551755e+03 9.554162e+03 9.574354e+03
1.6 9.504672e+03 9.554252e+03 9.549134e+03 9.499554e+03
2.6 9.578669e+03 9.525769e+03 9.546485e+03 9.599385e+03
3.6 9.538988e+03 9.525189e+03 9.551853e+03 9.565652e+03
4.6 9.550915e+03 9.528129e+03 9.553350e+03 9.576136e+03
5.6 9.545326e+03 9.532936e+03 9.553171e+03 9.565560e+03
6.6 9.565524e+03 9.570428e+03 9.552860e+03 9.547956e+03
7.6 9.565120e+03 9.569337e+03 9.552746e+03 9.548529e+03
0.2 9.565341e+03 9.587853e+03 9.558387e+03 9.535874e+03
1.2 9.559790e+03 9.560871e+03 9.557558e+03 9.556478e+03
2.2 9.512824e+03 9.543575e+03 9.551778e+03 9.521027e+03
3.2 9.547347e+03 9.543445e+03 9.547942e+03 9.551844e+03
4.2 9.523217e+03 9.525476e+03 9.550771e+03 9.548512e+03
5.2 9.543733e+03 9.546066e+03 9.556696e+03 9.554363e+03
6.2 9.531595e+03 9.551600e+03 9.556063e+03 9.536058e+03
7.2 9.564489e+03 9.560194e+03 9.549574e+03 9.553868e+03
0.7 9.512824e+03 9.543575e+03 9.551778e+03 9.521027e+03
1.7 9.547347e+03 9.543445e+03 9.547942e+03 9.551844e+03
2.7 9.523217e+03 9.525476e+03 9.550771e+03 9.548512e+03
3.7 9.543733e+03 9.546066e+03 9.556696e+03 9.554363e+03
4.7 9.531595e+03 9.551600e+03 9.556063e+03 9.536058e+03
5.7 9.564489e+03 9.560194e+03 9.549574e+03 9.553868e+03
6.7 9.592118e+03 9.577661e+03 9.545846e+03 9.560303e+03
7.7 9.572804e+03 9.552233e+03 9.551324e+03 9.571895e+03
0.9 9.543733e+03 9.546066e+03 9.556696e+03 9.554363e+03
1.9 9.531595e+03 9.551600e+03 9.556063e+03 9.536058e+03
2.9 9.564489e+03 9.560194e+03 9.549574e+03 9.553868e+03
3.9 9.592118e+03 9.577661e+03 9.545846e+03 9.560303e+03
4.9 9.572804e+03 9.552233e+03 9.551324e+03 9.571895e+03
5.9 9.558819e+03 9.526949e+03 9.558982e+03 9.590853e+03
6.9 9.563217e+03 9.554301e+03 9.558104e+03 9.567019e+03
7.9 9.504947e+03 9.547919e+03 9.552002e+03 9.509030e+03
0.5 9.531595e+03 9.551600e+03 9.556063e+03 9.536058e+03
1.5 9.564489e+03 9.560194e+03 9.549574e+03 9.553868e+03
2.5 9.592118e+03 9.577661e+03 9.545846e+03 9.560303e+03
3.5 9.572804e+03 9.552233e+03 9.551324e+03 9.571895e+03
4.5 9.558819e+03 9.526949e+03 9.558982e+03 9.590853e+03
5.5 9.563217e+03 9.554301e+03 9.558104e+03 9.567019e+03
6.5 9.504947e+03 9.547919e+03 9.552002e+03 9.509030e+03
7.5 9.542007e+03 9.545346e+03 9.548038e+03 9.544699e+03
0.2 9.558819e+03 9.526949e+03 9.558982e+03 9.590853e+03
1.2 9.563217e+03 9.554301e+03 9.558104e+03 9.567019e+03
2.2 9.504947e+03 9.547919e+03 9.552002e+03 9.509030e+03
3.2 9.542007e+03 9.545346e+03 9.548038e+03 9.544699e+03
4.2 9.511511e+03 9.524592e+03 9.550842e+03 9.537761e+03
5.2 9.556315e+03 9.544405e+03 9.556468e+03 9.568377e+03
6.2 9.562584e+03 9.551111e+03 9.550137e+03 9.561610e+03
7.2 9.616729e+03 9.589723e+03 9.548480e+03 9.575486e+03
0.7 9.504947e+03 9.547919e+03 9.552002e+03 9.509030e+03
1.7 9.542007e+03 9.545346e+03 9.548038e+03 9.544699e+03
2.7 9.511511e+03 9.524592e+03 9.550842e+03 9.537761e+03
3.7 9.556315e+03 9.544405e+03 9.556468e+03 9.568377e+03
4.7 9.562584e+03 9.551111e+03 9.550137e+03 9.561610e+03
5.7 9.616729e+03 9.589723e+03 9.548480e+03 9.575486e+03
6.7 9.575904e+03 9.584919e+03 9.552319e+03 9.543304e+03
7.7 9.586312e+03 9.564370e+03 9.553270e+03 9.575212e+03
0.9 9.556315e+03 9.544405e+03 9.556468e+03 9.568377e+03
1.9 9.562584e+03 9.551111e+03 9.550137e+03 9.561610e+03
2.9 9.616729e+03 9.589723e+03 9.548480e+03 9.575486e+03
3.9 9.575904e+03 9.584919e+03 9.552319e+03 9.543304e+03
4.9 9.586312e+03 9.564370e+03 9.553270e+03 9.575212e+03
5.9 9.603023e+03 9.580221e+03 9.553097e+03 9.575899e+03
6.9 9.573511e+03 9.583636e+03 9.552884e+03 9.542759e+03
7.9 9.512805e+03 9.538231e+03 9.552818e+03 9.527392e+03
0.9 9.554739e+03 9.545392e+03 9.557278e+03 9.566625e+03
1.9 9.508157e+03 9.549615e+03 9.555531e+03 9.514073e+03
2.9 9.557729e+03 9.552653e+03 9.549293e+03 9.554370e+03
3.9 9.470747e+03 9.522614e+03 9.546855e+03 9.494988e+03
4.9 9.524254e+03 9.529256e+03 9.556989e+03 9.551987e+03
5.9 9.568148e+03 9.554812e+03 9.553390e+03 9.566726e+03
6.9 9.572622e+03 9.582308e+03 9.547315e+03 9.537628e+03
7.9 9.587007e+03 9.540154e+03 9.551681e+03 9.598533e+03
0.5 9.508157e+03 9.549615e+03 9.555531e+03 9.514073e+03
1.5 9.557729e+03 9.552653e+03 9.549293e+03 9.554370e+03
2.5 9.470747e+03 9.522614e+03 9.546855e+03 9.494988e+03
3.5 9.524254e+03 9.529256e+03 9.556989e+03 9.551987e+03
4.5 9.568148e+03 9.554812e+03 9.553390e+03 9.566726e+03
5.5 9.572622e+03 9.582308e+03 9.547315e+03 9.537628e+03
6.5 9.587007e+03 9.540154e+03 9.551681e+03 9.598533e+03
7.5 9.544531e+03 9.521227e+03 9.553284e+03 9.576588e+03
0.6 9.524254e+03 9.529256e+03 9.556989e+03 9.551987e+03
1.6 9.568148e+03 9.554812e+03 9.553390e+03 9.566726e+03
2.6 9.572622e+03 9.582308e+03 9.547315e+03 9.537628e+03
3.6 9.587007e+03 9.540154e+03 9.551681e+03 9.598533e+03
4.6 9.544531e+03 9.521227e+03 9.553284e+03 9.576588e+03
5.6 9.609725e+03 9.582856e+03 9.553288e+03 9.580157e+03
6.6 9.545828e+03 9.573618e+03 9.553050e+03 9.525260e+03
7.6 9.562796e+03 9.561611e+03 9.552974e+03 9.554159e+03
