0.9 8.248327e+03 8.304071e+03 8.293173e+03 8.237430e+03
1.9 8.348293e+03 8.283501e+03 8.246625e+03 8.311417e+03
2.9 8.224954e+03 8.168668e+03 8.238985e+03 8.295272e+03
3.9 8.364235e+03 8.325155e+03 8.271330e+03 8.310410e+03
4.9 8.246201e+03 8.329537e+03 8.306094e+03 8.222759e+03
5.9 8.499697e+03 8.340881e+03 8.269024e+03 8.427841e+03
6.9 8.021314e+03 8.160706e+03 8.245050e+03 8.105658e+03
7.9 8.195264e+03 8.240609e+03 8.291088e+03 8.245743e+03
0.6 8.246201e+03 8.329537e+03 8.306094e+03 8.222759e+03
1.6 8.499697e+03 8.340881e+03 8.269024e+03 8.427841e+03
2.6 8.021314e+03 8.160706e+03 8.245050e+03 8.105658e+03
3.6 8.195264e+03 8.240609e+03 8.291088e+03 8.245743e+03
4.6 8.260898e+03 8.345184e+03 8.298142e+03 8.213857e+03
5.6 8.293709e+03 8.382085e+03 8.270591e+03 8.182215e+03
6.6 8.300381e+03 8.313395e+03 8.251044e+03 8.238030e+03
7.6 8.261014e+03 8.294418e+03 8.272668e+03 8.239263e+03
0.7 8.195264e+03 8.240609e+03 8.291088e+03 8.245743e+03
1.7 8.260898e+03 8.345184e+03 8.298142e+03 8.213857e+03
2.7 8.293709e+03 8.382085e+03 8.270591e+03 8.182215e+03
3.7 8.300381e+03 8.313395e+03 8.251044e+03 8.238030e+03
4.7 8.261014e+03 8.294418e+03 8.272668e+03 8.239263e+03
5.7 8.449769e+03 8.345430e+03 8.248903e+03 8.353241e+03
6.7 8.464874e+03 8.317066e+03 8.229267e+03 8.377074e+03
7.7 8.287478e+03 8.278819e+03 8.262306e+03 8.270965e+03
0.3 8.260898e+03 8.345184e+03 8.298142e+03 8.213857e+03
1.3 8.293709e+03 8.382085e+03 8.270591e+03 8.182215e+03
2.3 8.300381e+03 8.313395e+03 8.251044e+03 8.238030e+03
3.3 8.261014e+03 8.294418e+03 8.272668e+03 8.239263e+03
4.3 8.449769e+03 8.345430e+03 8.248903e+03 8.353241e+03
5.3 8.464874e+03 8.317066e+03 8.229267e+03 8.377074e+03
6.3 8.287478e+03 8.278819e+03 8.262306e+03 8.270965e+03
7.3 8.407391e+03 8.322983e+03 8.273691e+03 8.358099e+03
0.9 8.300381e+03 8.313395e+03 8.251044e+03 8.238030e+03
1.9 8.261014e+03 8.294418e+03 8.272668e+03 8.239263e+03
2.9 8.449769e+03 8.345430e+03 8.248903e+03 8.353241e+03
3.9 8.464874e+03 8.317066e+03 8.229267e+03 8.377074e+03
4.9 8.287478e+03 8.278819e+03 8.262306e+03 8.270965e+03
5.9 8.407391e+03 8.322983e+03 8.273691e+03 8.358099e+03
6.9 8.053537e+03 8.175472e+03 8.286704e+03 8.164769e+03
7.9 8.343040e+03 8.242568e+03 8.301110e+03 8.401582e+03
0.5 8.261014e+03 8.294418e+03 8.272668e+03 8.239263e+03
1.5 8.449769e+03 8.345430e+03 8.248903e+03 8.353241e+03
2.5 8.464874e+03 8.317066e+03 8.229267e+03 8.377074e+03
3.5 8.287478e+03 8.278819e+03 8.262306e+03 8.270965e+03
4.5 8.407391e+03 8.322983e+03 8.273691e+03 8.358099e+03
5.5 8.053537e+03 8.175472e+03 8.286704e+03 8.164769e+03
6.5 8.343040e+03 8.242568e+03 8.301110e+03 8.401582e+03
7.5 8.420939e+03 8.303052e+03 8.258911e+03 8.376798e+03
0.7 8.343040e+03 8.242568e+03 8.301110e+03 8.401582e+03
1.7 8.420939e+03 8.303052e+03 8.258911e+03 8.376798e+03
2.7 8.065043e+03 8.149255e+03 8.235898e+03 8.151686e+03
3.7 8.131596e+03 8.144183e+03 8.264295e+03 8.251708e+03
4.7 8.262325e+03 8.158051e+03 8.272759e+03 8.377033e+03
5.7 7.989436e+03 8.165115e+03 8.272201e+03 8.096522e+03
6.7 8.156683e+03 8.172043e+03 8.277044e+03 8.261684e+03
7.7 8.353644e+03 8.232269e+03 8.304757e+03 8.426132e+03
0.6 8.353644e+03 8.232269e+03 8.304757e+03 8.426132e+03
1.6 8.376926e+03 8.378754e+03 8.304015e+03 8.302186e+03
2.6 8.416449e+03 8.369906e+03 8.260947e+03 8.307491e+03
3.6 8.213133e+03 8.288411e+03 8.254958e+03 8.179680e+03
4.6 8.291955e+03 8.313047e+03 8.279441e+03 8.258349e+03
5.6 8.350547e+03 8.344425e+03 8.249023e+03 8.255145e+03
6.6 8.127902e+03 8.283505e+03 8.227918e+03 8.072315e+03
7.6 8.392847e+03 8.248767e+03 8.259034e+03 8.403114e+03
0.2 8.376926e+03 8.378754e+03 8.304015e+03 8.302186e+03
1.2 8.416449e+03 8.369906e+03 8.260947e+03 8.307491e+03
2.2 8.213133e+03 8.288411e+03 8.254958e+03 8.179680e+03
3.2 8.291955e+03 8.313047e+03 8.279441e+03 8.258349e+03
4.2 8.350547e+03 8.344425e+03 8.249023e+03 8.255145e+03
5.2 8.127902e+03 8.283505e+03 8.227918e+03 8.072315e+03
6.2 8.392847e+03 8.248767e+03 8.259034e+03 8.403114e+03
7.2 7.965644e+03 8.151875e+03 8.273581e+03 8.087351e+03
0.7 8.213133e+03 8.288411e+03 8.254958e+03 8.179680e+03
1.7 8.291955e+03 8.313047e+03 8.279441e+03 8.258349e+03
2.7 8.350547e+03 8.344425e+03 8.249023e+03 8.255145e+03
3.7 8.127902e+03 8.283505e+03 8.227918e+03 8.072315e+03
4.7 8.392847e+03 8.248767e+03 8.259034e+03 8.403114e+03
5.7 7.965644e+03 8.151875e+03 8.273581e+03 8.087351e+03
6.7 8.304787e+03 8.303251e+03 8.273718e+03 8.275254e+03
7.7 8.448625e+03 8.292681e+03 8.271443e+03 8.427387e+03
0.3 8.291955e+03 8.313047e+03 8.279441e+03 8.258349e+03
1.3 8.350547e+03 8.344425e+03 8.249023e+03 8.255145e+03
2.3 8.127902e+03 8.283505e+03 8.227918e+03 8.072315e+03
3.3 8.392847e+03 8.248767e+03 8.259034e+03 8.403114e+03
4.3 7.965644e+03 8.151875e+03 8.273581e+03 8.087351e+03
5.3 8.304787e+03 8.303251e+03 8.273718e+03 8.275254e+03
6.3 8.448625e+03 8.292681e+03 8.271443e+03 8.427387e+03
7.3 8.310269e+03 8.340760e+03 8.270375e+03 8.239884e+03
0.7 8.354953e+03 8.301807e+03 8.300175e+03 8.353321e+03
1.7 8.226052e+03 8.297947e+03 8.258735e+03 8.186839e+03
2.7 8.317060e+03 8.334386e+03 8.235774e+03 8.218447e+03
3.7 8.410469e+03 8.303054e+03 8.264095e+03 8.371510e+03
4.7 8.245751e+03 8.257599e+03 8.272489e+03 8.260641e+03
5.7 8.119532e+03 8.153533e+03 8.271839e+03 8.237837e+03
6.7 8.370066e+03 8.304779e+03 8.270265e+03 8.335552e+03
7.7 8.445521e+03 8.295842e+03 8.269682e+03 8.419362e+03
0.9 8.211333e+03 8.304179e+03 8.294447e+03 8.201601e+03
1.9 8.289130e+03 8.276809e+03 8.247749e+03 8.260070e+03
2.9 7.992966e+03 8.172650e+03 8.270023e+03 8.090339e+03
3.9 8.314767e+03 8.324262e+03 8.292068e+03 8.282574e+03
4.9 8.157660e+03 8.301265e+03 8.276007e+03 8.132403e+03
5.9 8.263616e+03 8.332047e+03 8.245125e+03 8.176694e+03
6.9 8.318003e+03 8.331211e+03 8.230151e+03 8.216943e+03
7.9 7.963873e+03 8.282981e+03 8.264009e+03 7.944901e+03
1.0 8.314767e+03 8.324262e+03 8.292068e+03 8.282574e+03
2.0 8.157660e+03 8.301265e+03 8.276007e+03 8.132403e+03
3.0 8.263616e+03 8.332047e+03 8.245125e+03 8.176694e+03
4.0 8.318003e+03 8.331211e+03 8.230151e+03 8.216943e+03
5.0 7.963873e+03 8.282981e+03 8.264009e+03 7.944901e+03
6.0 8.323134e+03 8.287242e+03 8.273322e+03 8.309214e+03
7.0 8.150112e+03 8.153896e+03 8.272146e+03 8.268362e+03
8.0 8.297737e+03 8.259851e+03 8.270191e+03 8.308078e+03
0.6 8.157660e+03 8.301265e+03 8.276007e+03 8.132403e+03
1.6 8.263616e+03 8.332047e+03 8.245125e+03 8.176694e+03
2.6 8.318003e+03 8.331211e+03 8.230151e+03 8.216943e+03
3.6 7.963873e+03 8.282981e+03 8.264009e+03 7.944901e+03
4.6 8.323134e+03 8.287242e+03 8.273322e+03 8.309214e+03
5.6 8.150112e+03 8.153896e+03 8.272146e+03 8.268362e+03
6.6 8.297737e+03 8.259851e+03 8.270191e+03 8.308078e+03
7.6 8.341055e+03 8.296891e+03 8.269492e+03 8.313656e+03
1.0 8.338948e+03 8.341813e+03 8.289218e+03 8.286353e+03
2.0 8.278294e+03 8.207879e+03 8.238525e+03 8.308940e+03
3.0 8.173095e+03 8.132757e+03 8.244822e+03 8.285160e+03
4.0 8.325462e+03 8.328510e+03 8.267607e+03 8.264559e+03
5.0 8.166372e+03 8.301986e+03 8.272289e+03 8.136675e+03
6.0 8.452176e+03 8.293956e+03 8.270907e+03 8.429128e+03
7.0 8.119017e+03 8.152439e+03 8.269697e+03 8.236275e+03
8.0 8.288084e+03 8.258408e+03 8.271199e+03 8.300875e+03
0.5 8.483184e+03 8.315792e+03 8.306636e+03 8.474028e+03
1.5 8.527981e+03 8.379631e+03 8.305001e+03 8.453352e+03
2.5 8.277779e+03 8.326225e+03 8.255122e+03 8.206676e+03
3.5 8.298651e+03 8.269383e+03 8.261372e+03 8.290641e+03
4.5 8.299864e+03 8.333649e+03 8.280394e+03 8.246609e+03
5.5 8.228293e+03 8.329004e+03 8.247343e+03 8.146632e+03
6.5 8.201136e+03 8.177102e+03 8.227620e+03 8.251654e+03
7.5 8.231826e+03 8.122230e+03 8.253674e+03 8.363270e+03
1.0 8.277779e+03 8.326225e+03 8.255122e+03 8.206676e+03
2.0 8.298651e+03 8.269383e+03 8.261372e+03 8.290641e+03
3.0 8.299864e+03 8.333649e+03 8.280394e+03 8.246609e+03
4.0 8.228293e+03 8.329004e+03 8.247343e+03 8.146632e+03
5.0 8.201136e+03 8.177102e+03 8.227620e+03 8.251654e+03
6.0 8.231826e+03 8.122230e+03 8.253674e+03 8.363270e+03
7.0 8.108418e+03 8.150323e+03 8.271826e+03 8.229922e+03
8.0 8.262735e+03 8.281947e+03 8.273008e+03 8.253797e+03
0.6 8.298651e+03 8.269383e+03 8.261372e+03 8.290641e+03
1.6 8.299864e+03 8.333649e+03 8.280394e+03 8.246609e+03
2.6 8.228293e+03 8.329004e+03 8.247343e+03 8.146632e+03
3.6 8.201136e+03 8.177102e+03 8.227620e+03 8.251654e+03
4.6 8.231826e+03 8.122230e+03 8.253674e+03 8.363270e+03
5.6 8.108418e+03 8.150323e+03 8.271826e+03 8.229922e+03
6.6 8.262735e+03 8.281947e+03 8.273008e+03 8.253797e+03
7.6 8.093229e+03 8.309682e+03 8.270683e+03 8.054230e+03
0.2 8.299864e+03 8.333649e+03 8.280394e+03 8.246609e+03
1.2 8.228293e+03 8.329004e+03 8.247343e+03 8.146632e+03
2.2 8.201136e+03 8.177102e+03 8.227620e+03 8.251654e+03
3.2 8.231826e+03 8.122230e+03 8.253674e+03 8.363270e+03
4.2 8.108418e+03 8.150323e+03 8.271826e+03 8.229922e+03
5.2 8.262735e+03 8.281947e+03 8.273008e+03 8.253797e+03
6.2 8.093229e+03 8.309682e+03 8.270683e+03 8.054230e+03
7.2 8.383401e+03 8.350778e+03 8.269422e+03 8.302046e+03
0.2 8.507673e+03 8.358066e+03 8.304303e+03 8.453910e+03
1.2 8.327037e+03 8.368691e+03 8.283859e+03 8.242206e+03
2.2 8.461504e+03 8.187657e+03 8.231634e+03 8.505481e+03
3.2 8.231513e+03 8.159898e+03 8.286620e+03 8.358235e+03
4.2 8.490636e+03 8.367078e+03 8.301198e+03 8.424756e+03
5.2 8.203379e+03 8.318752e+03 8.257832e+03 8.142458e+03
6.2 8.321908e+03 8.289547e+03 8.269851e+03 8.302213e+03
7.2 8.247318e+03 8.319232e+03 8.245526e+03 8.173612e+03
0.3 8.231513e+03 8.159898e+03 8.286620e+03 8.358235e+03
1.3 8.490636e+03 8.367078e+03 8.301198e+03 8.424756e+03
2.3 8.203379e+03 8.318752e+03 8.257832e+03 8.142458e+03
3.3 8.321908e+03 8.289547e+03 8.269851e+03 8.302213e+03
4.3 8.247318e+03 8.319232e+03 8.245526e+03 8.173612e+03
0.9 8.203379e+03 8.318752e+03 8.257832e+03 8.142458e+03
1.9 8.321908e+03 8.289547e+03 8.269851e+03 8.302213e+03
2.9 8.247318e+03 8.319232e+03 8.245526e+03 8.173612e+03
0.5 8.321908e+03 8.289547e+03 8.269851e+03 8.302213e+03
1.5 8.247318e+03 8.319232e+03 8.245526e+03 8.173612e+03
