0.9 9.123752e+03 9.109113e+03 9.109370e+03 9.124010e+03
1.9 9.131935e+03 9.101347e+03 9.094320e+03 9.124908e+03
2.9 9.058517e+03 9.073773e+03 9.091850e+03 9.076595e+03
3.9 9.145239e+03 9.122012e+03 9.102308e+03 9.125535e+03
4.9 9.074960e+03 9.120886e+03 9.113548e+03 9.067621e+03
5.9 9.106813e+03 9.116684e+03 9.101563e+03 9.091692e+03
6.9 9.039301e+03 9.069939e+03 9.093811e+03 9.063174e+03
7.9 9.112636e+03 9.094037e+03 9.108696e+03 9.127294e+03
0.6 9.074960e+03 9.120886e+03 9.113548e+03 9.067621e+03
1.6 9.106813e+03 9.116684e+03 9.101563e+03 9.091692e+03
2.6 9.039301e+03 9.069939e+03 9.093811e+03 9.063174e+03
3.6 9.112636e+03 9.094037e+03 9.108696e+03 9.127294e+03
4.6 9.087240e+03 9.121181e+03 9.110977e+03 9.077036e+03
5.6 9.129260e+03 9.128587e+03 9.102069e+03 9.102742e+03
6.6 9.123869e+03 9.109880e+03 9.095749e+03 9.109739e+03
7.6 9.106276e+03 9.106637e+03 9.102740e+03 9.102380e+03
0.7 9.112636e+03 9.094037e+03 9.108696e+03 9.127294e+03
1.7 9.087240e+03 9.121181e+03 9.110977e+03 9.077036e+03
2.7 9.129260e+03 9.128587e+03 9.102069e+03 9.102742e+03
3.7 9.123869e+03 9.109880e+03 9.095749e+03 9.109739e+03
4.7 9.106276e+03 9.106637e+03 9.102740e+03 9.102380e+03
5.7 9.137249e+03 9.119426e+03 9.095057e+03 9.112880e+03
6.7 9.168029e+03 9.117569e+03 9.088708e+03 9.139167e+03
7.7 9.100444e+03 9.108458e+03 9.099390e+03 9.091376e+03
0.3 9.087240e+03 9.121181e+03 9.110977e+03 9.077036e+03
1.3 9.129260e+03 9.128587e+03 9.102069e+03 9.102742e+03
2.3 9.123869e+03 9.109880e+03 9.095749e+03 9.109739e+03
3.3 9.106276e+03 9.106637e+03 9.102740e+03 9.102380e+03
4.3 9.137249e+03 9.119426e+03 9.095057e+03 9.112880e+03
5.3 9.168029e+03 9.117569e+03 9.088708e+03 9.139167e+03
6.3 9.100444e+03 9.108458e+03 9.099390e+03 9.091376e+03
7.3 9.150466e+03 9.120548e+03 9.103071e+03 9.132990e+03
0.9 9.123869e+03 9.109880e+03 9.095749e+03 9.109739e+03
1.9 9.106276e+03 9.106637e+03 9.102740e+03 9.102380e+03
2.9 9.137249e+03 9.119426e+03 9.095057e+03 9.112880e+03
3.9 9.168029e+03 9.117569e+03 9.088708e+03 9.139167e+03
4.9 9.100444e+03 9.108458e+03 9.099390e+03 9.091376e+03
5.9 9.150466e+03 9.120548e+03 9.103071e+03 9.132990e+03
6.9 9.068874e+03 9.076112e+03 9.107279e+03 9.100040e+03
7.9 9.087930e+03 9.094162e+03 9.111936e+03 9.105705e+03
0.5 9.106276e+03 9.106637e+03 9.102740e+03 9.102380e+03
1.5 9.137249e+03 9.119426e+03 9.095057e+03 9.112880e+03
2.5 9.168029e+03 9.117569e+03 9.088708e+03 9.139167e+03
3.5 9.100444e+03 9.108458e+03 9.099390e+03 9.091376e+03
4.5 9.150466e+03 9.120548e+03 9.103071e+03 9.132990e+03
5.5 9.068874e+03 9.076112e+03 9.107279e+03 9.100040e+03
6.5 9.087930e+03 9.094162e+03 9.111936e+03 9.105705e+03
7.5 9.111074e+03 9.107312e+03 9.098293e+03 9.102055e+03
0.7 9.087930e+03 9.094162e+03 9.111936e+03 9.105705e+03
1.7 9.111074e+03 9.107312e+03 9.098293e+03 9.102055e+03
2.7 9.062247e+03 9.067228e+03 9.090852e+03 9.085872e+03
3.7 9.070733e+03 9.067972e+03 9.100033e+03 9.102795e+03
4.7 9.089824e+03 9.072010e+03 9.102770e+03 9.120584e+03
5.7 9.024971e+03 9.073684e+03 9.102590e+03 9.053877e+03
6.7 9.061465e+03 9.075702e+03 9.104155e+03 9.089918e+03
7.7 9.098742e+03 9.092786e+03 9.113115e+03 9.119072e+03
0.6 9.098742e+03 9.092786e+03 9.113115e+03 9.119072e+03
1.6 9.133524e+03 9.129625e+03 9.112875e+03 9.116774e+03
2.6 9.124208e+03 9.124245e+03 9.098951e+03 9.098914e+03
3.6 9.120841e+03 9.103153e+03 9.097015e+03 9.114703e+03
4.6 9.098469e+03 9.111011e+03 9.104930e+03 9.092388e+03
5.6 9.112282e+03 9.117851e+03 9.095096e+03 9.089527e+03
6.6 9.067793e+03 9.106135e+03 9.088272e+03 9.049930e+03
7.6 9.134580e+03 9.097860e+03 9.098332e+03 9.135053e+03
0.2 9.133524e+03 9.129625e+03 9.112875e+03 9.116774e+03
1.2 9.124208e+03 9.124245e+03 9.098951e+03 9.098914e+03
2.2 9.120841e+03 9.103153e+03 9.097015e+03 9.114703e+03
3.2 9.098469e+03 9.111011e+03 9.104930e+03 9.092388e+03
4.2 9.112282e+03 9.117851e+03 9.095096e+03 9.089527e+03
5.2 9.067793e+03 9.106135e+03 9.088272e+03 9.049930e+03
6.2 9.134580e+03 9.097860e+03 9.098332e+03 9.135053e+03
7.2 9.053356e+03 9.069959e+03 9.103036e+03 9.086433e+03
0.7 9.120841e+03 9.103153e+03 9.097015e+03 9.114703e+03
1.7 9.098469e+03 9.111011e+03 9.104930e+03 9.092388e+03
2.7 9.112282e+03 9.117851e+03 9.095096e+03 9.089527e+03
3.7 9.067793e+03 9.106135e+03 9.088272e+03 9.049930e+03
4.7 9.134580e+03 9.097860e+03 9.098332e+03 9.135053e+03
5.7 9.053356e+03 9.069959e+03 9.103036e+03 9.086433e+03
6.7 9.137795e+03 9.115002e+03 9.103080e+03 9.125873e+03
7.7 9.115510e+03 9.110973e+03 9.102344e+03 9.106881e+03
0.3 9.098469e+03 9.111011e+03 9.104930e+03 9.092388e+03
1.3 9.112282e+03 9.117851e+03 9.095096e+03 9.089527e+03
2.3 9.067793e+03 9.106135e+03 9.088272e+03 9.049930e+03
3.3 9.134580e+03 9.097860e+03 9.098332e+03 9.135053e+03
4.3 9.053356e+03 9.069959e+03 9.103036e+03 9.086433e+03
5.3 9.137795e+03 9.115002e+03 9.103080e+03 9.125873e+03
6.3 9.115510e+03 9.110973e+03 9.102344e+03 9.106881e+03
7.3 9.119673e+03 9.125258e+03 9.101999e+03 9.096414e+03
0.7 9.162140e+03 9.109459e+03 9.111634e+03 9.164315e+03
1.7 9.066722e+03 9.105344e+03 9.098236e+03 9.059613e+03
2.7 9.125934e+03 9.122216e+03 9.090812e+03 9.094531e+03
3.7 9.139025e+03 9.113688e+03 9.099969e+03 9.125306e+03
4.7 9.111056e+03 9.099357e+03 9.102683e+03 9.114382e+03
5.7 9.072834e+03 9.069285e+03 9.102472e+03 9.106022e+03
6.7 9.098906e+03 9.114789e+03 9.101963e+03 9.086081e+03
7.7 9.133770e+03 9.111511e+03 9.101775e+03 9.124034e+03
0.9 9.095027e+03 9.109331e+03 9.109782e+03 9.095479e+03
1.9 9.074247e+03 9.099122e+03 9.094684e+03 9.069809e+03
2.9 9.055292e+03 9.074414e+03 9.101885e+03 9.082764e+03
3.9 9.113832e+03 9.114253e+03 9.109013e+03 9.108592e+03
4.9 9.082393e+03 9.107313e+03 9.103820e+03 9.078900e+03
5.9 9.093972e+03 9.114769e+03 9.093836e+03 9.073039e+03
6.9 9.104281e+03 9.121278e+03 9.088994e+03 9.071997e+03
7.9 9.051804e+03 9.108399e+03 9.099941e+03 9.043345e+03
1.0 9.113832e+03 9.114253e+03 9.109013e+03 9.108592e+03
2.0 9.082393e+03 9.107313e+03 9.103820e+03 9.078900e+03
3.0 9.093972e+03 9.114769e+03 9.093836e+03 9.073039e+03
4.0 9.104281e+03 9.121278e+03 9.088994e+03 9.071997e+03
5.0 9.051804e+03 9.108399e+03 9.099941e+03 9.043345e+03
6.0 9.109722e+03 9.108740e+03 9.102952e+03 9.103934e+03
7.0 9.066340e+03 9.069291e+03 9.102572e+03 9.099621e+03
8.0 9.108822e+03 9.101751e+03 9.101940e+03 9.109011e+03
0.6 9.082393e+03 9.107313e+03 9.103820e+03 9.078900e+03
1.6 9.093972e+03 9.114769e+03 9.093836e+03 9.073039e+03
2.6 9.104281e+03 9.121278e+03 9.088994e+03 9.071997e+03
3.6 9.051804e+03 9.108399e+03 9.099941e+03 9.043345e+03
4.6 9.109722e+03 9.108740e+03 9.102952e+03 9.103934e+03
5.6 9.066340e+03 9.069291e+03 9.102572e+03 9.099621e+03
6.6 9.108822e+03 9.101751e+03 9.101940e+03 9.109011e+03
7.6 9.096269e+03 9.112589e+03 9.101714e+03 9.085394e+03
1.0 9.127205e+03 9.117500e+03 9.108091e+03 9.117796e+03
2.0 9.097792e+03 9.079644e+03 9.091701e+03 9.109850e+03
3.0 9.099239e+03 9.063958e+03 9.093738e+03 9.129019e+03
4.0 9.144629e+03 9.123293e+03 9.101104e+03 9.122440e+03
5.0 9.079233e+03 9.113953e+03 9.102618e+03 9.067898e+03
6.0 9.110562e+03 9.110475e+03 9.102171e+03 9.102259e+03
7.0 9.054360e+03 9.069004e+03 9.101780e+03 9.087136e+03
8.0 9.123021e+03 9.101662e+03 9.102266e+03 9.123624e+03
0.5 9.139129e+03 9.117949e+03 9.113723e+03 9.134903e+03
1.5 9.158763e+03 9.128376e+03 9.113194e+03 9.143581e+03
2.5 9.114659e+03 9.111668e+03 9.097068e+03 9.100059e+03
3.5 9.104417e+03 9.098490e+03 9.099089e+03 9.105015e+03
4.5 9.113124e+03 9.116396e+03 9.105238e+03 9.101967e+03
5.5 9.109627e+03 9.112980e+03 9.094553e+03 9.091200e+03
6.5 9.072564e+03 9.073303e+03 9.088176e+03 9.087437e+03
7.5 9.080210e+03 9.061370e+03 9.096600e+03 9.115440e+03
1.0 9.114659e+03 9.111668e+03 9.097068e+03 9.100059e+03
2.0 9.104417e+03 9.098490e+03 9.099089e+03 9.105015e+03
3.0 9.113124e+03 9.116396e+03 9.105238e+03 9.101967e+03
4.0 9.109627e+03 9.112980e+03 9.094553e+03 9.091200e+03
5.0 9.072564e+03 9.073303e+03 9.088176e+03 9.087437e+03
6.0 9.080210e+03 9.061370e+03 9.096600e+03 9.115440e+03
7.0 9.076398e+03 9.070998e+03 9.102468e+03 9.107868e+03
8.0 9.115154e+03 9.109739e+03 9.102851e+03 9.108265e+03
0.6 9.104417e+03 9.098490e+03 9.099089e+03 9.105015e+03
1.6 9.113124e+03 9.116396e+03 9.105238e+03 9.101967e+03
2.6 9.109627e+03 9.112980e+03 9.094553e+03 9.091200e+03
3.6 9.072564e+03 9.073303e+03 9.088176e+03 9.087437e+03
4.6 9.080210e+03 9.061370e+03 9.096600e+03 9.115440e+03
5.6 9.076398e+03 9.070998e+03 9.102468e+03 9.107868e+03
6.6 9.115154e+03 9.109739e+03 9.102851e+03 9.108265e+03
7.6 9.071525e+03 9.117331e+03 9.102099e+03 9.056292e+03
0.2 9.113124e+03 9.116396e+03 9.105238e+03 9.101967e+03
1.2 9.109627e+03 9.112980e+03 9.094553e+03 9.091200e+03
2.2 9.072564e+03 9.073303e+03 9.088176e+03 9.087437e+03
3.2 9.080210e+03 9.061370e+03 9.096600e+03 9.115440e+03
4.2 9.076398e+03 9.070998e+03 9.102468e+03 9.107868e+03
5.2 9.115154e+03 9.109739e+03 9.102851e+03 9.108265e+03
6.2 9.071525e+03 9.117331e+03 9.102099e+03 9.056292e+03
7.2 9.140114e+03 9.128216e+03 9.101691e+03 9.113589e+03
0.2 9.151129e+03 9.132429e+03 9.112968e+03 9.131669e+03
1.2 9.127027e+03 9.125762e+03 9.106359e+03 9.107624e+03
2.2 9.110901e+03 9.076056e+03 9.089474e+03 9.124319e+03
3.2 9.073034e+03 9.073767e+03 9.107251e+03 9.106518e+03
4.2 9.156219e+03 9.127631e+03 9.111965e+03 9.140552e+03
5.2 9.097716e+03 9.112577e+03 9.097944e+03 9.083082e+03
6.2 9.096321e+03 9.106222e+03 9.101830e+03 9.091929e+03
7.2 9.116363e+03 9.112182e+03 9.093965e+03 9.098146e+03
0.3 9.073034e+03 9.073767e+03 9.107251e+03 9.106518e+03
1.3 9.156219e+03 9.127631e+03 9.111965e+03 9.140552e+03
2.3 9.097716e+03 9.112577e+03 9.097944e+03 9.083082e+03
3.3 9.096321e+03 9.106222e+03 9.101830e+03 9.091929e+03
4.3 9.116363e+03 9.112182e+03 9.093965e+03 9.098146e+03
0.9 9.097716e+03 9.112577e+03 9.097944e+03 9.083082e+03
1.9 9.096321e+03 9.106222e+03 9.101830e+03 9.091929e+03
2.9 9.116363e+03 9.112182e+03 9.093965e+03 9.098146e+03
0.5 9.096321e+03 9.106222e+03 9.101830e+03 9.091929e+03
1.5 9.116363e+03 9.112182e+03 9.093965e+03 9.098146e+03
