0.9 9.887807e+03 9.874395e+03 9.858724e+03 9.872135e+03
1.9 9.902604e+03 9.875660e+03 9.852669e+03 9.879613e+03
2.9 9.814289e+03 9.838522e+03 9.851676e+03 9.827442e+03
3.9 9.856573e+03 9.852037e+03 9.855883e+03 9.860419e+03
4.9 9.829225e+03 9.854074e+03 9.860405e+03 9.835557e+03
5.9 9.911201e+03 9.886220e+03 9.855583e+03 9.880564e+03
6.9 9.849584e+03 9.835883e+03 9.852465e+03 9.866165e+03
7.9 9.876742e+03 9.851232e+03 9.858453e+03 9.883962e+03
0.6 9.829225e+03 9.854074e+03 9.860405e+03 9.835557e+03
1.6 9.911201e+03 9.886220e+03 9.855583e+03 9.880564e+03
2.6 9.849584e+03 9.835883e+03 9.852465e+03 9.866165e+03
3.6 9.876742e+03 9.851232e+03 9.858453e+03 9.883962e+03
4.6 9.855066e+03 9.882642e+03 9.859370e+03 9.831795e+03
5.6 9.900293e+03 9.899654e+03 9.855787e+03 9.856426e+03
6.6 9.857302e+03 9.880838e+03 9.853244e+03 9.829708e+03
7.6 9.821909e+03 9.870262e+03 9.856057e+03 9.807704e+03
0.7 9.876742e+03 9.851232e+03 9.858453e+03 9.883962e+03
1.7 9.855066e+03 9.882642e+03 9.859370e+03 9.831795e+03
2.7 9.900293e+03 9.899654e+03 9.855787e+03 9.856426e+03
3.7 9.857302e+03 9.880838e+03 9.853244e+03 9.829708e+03
4.7 9.821909e+03 9.870262e+03 9.856057e+03 9.807704e+03
5.7 9.888689e+03 9.892361e+03 9.852966e+03 9.849294e+03
6.7 9.908252e+03 9.856502e+03 9.850412e+03 9.902161e+03
7.7 9.847273e+03 9.839562e+03 9.854709e+03 9.862421e+03
0.3 9.855066e+03 9.882642e+03 9.859370e+03 9.831795e+03
1.3 9.900293e+03 9.899654e+03 9.855787e+03 9.856426e+03
2.3 9.857302e+03 9.880838e+03 9.853244e+03 9.829708e+03
3.3 9.821909e+03 9.870262e+03 9.856057e+03 9.807704e+03
4.3 9.888689e+03 9.892361e+03 9.852966e+03 9.849294e+03
5.3 9.908252e+03 9.856502e+03 9.850412e+03 9.902161e+03
6.3 9.847273e+03 9.839562e+03 9.854709e+03 9.862421e+03
7.3 9.882811e+03 9.843492e+03 9.856190e+03 9.895509e+03
0.9 9.857302e+03 9.880838e+03 9.853244e+03 9.829708e+03
1.9 9.821909e+03 9.870262e+03 9.856057e+03 9.807704e+03
2.9 9.888689e+03 9.892361e+03 9.852966e+03 9.849294e+03
3.9 9.908252e+03 9.856502e+03 9.850412e+03 9.902161e+03
4.9 9.847273e+03 9.839562e+03 9.854709e+03 9.862421e+03
5.9 9.882811e+03 9.843492e+03 9.856190e+03 9.895509e+03
6.9 9.812440e+03 9.824809e+03 9.857883e+03 9.845513e+03
7.9 9.858277e+03 9.852348e+03 9.859756e+03 9.865685e+03
0.5 9.821909e+03 9.870262e+03 9.856057e+03 9.807704e+03
1.5 9.888689e+03 9.892361e+03 9.852966e+03 9.849294e+03
2.5 9.908252e+03 9.856502e+03 9.850412e+03 9.902161e+03
3.5 9.847273e+03 9.839562e+03 9.854709e+03 9.862421e+03
4.5 9.882811e+03 9.843492e+03 9.856190e+03 9.895509e+03
5.5 9.812440e+03 9.824809e+03 9.857883e+03 9.845513e+03
6.5 9.858277e+03 9.852348e+03 9.859756e+03 9.865685e+03
7.5 9.905928e+03 9.879042e+03 9.854267e+03 9.881153e+03
0.7 9.858277e+03 9.852348e+03 9.859756e+03 9.865685e+03
1.7 9.905928e+03 9.879042e+03 9.854267e+03 9.881153e+03
2.7 9.814380e+03 9.831276e+03 9.851274e+03 9.834377e+03
3.7 9.816141e+03 9.823439e+03 9.854968e+03 9.847669e+03
4.7 9.815327e+03 9.826388e+03 9.856069e+03 9.845008e+03
5.7 9.775193e+03 9.829064e+03 9.855996e+03 9.802126e+03
6.7 9.808230e+03 9.830683e+03 9.856626e+03 9.834173e+03
7.7 9.834817e+03 9.845289e+03 9.860231e+03 9.849759e+03
0.6 9.834817e+03 9.845289e+03 9.860231e+03 9.849759e+03
1.6 9.869364e+03 9.893773e+03 9.860134e+03 9.835725e+03
2.6 9.877979e+03 9.899785e+03 9.854532e+03 9.832726e+03
3.6 9.899087e+03 9.874699e+03 9.853753e+03 9.878141e+03
4.6 9.892329e+03 9.878357e+03 9.856938e+03 9.870910e+03
5.6 9.893927e+03 9.895641e+03 9.852981e+03 9.851268e+03
6.6 9.853910e+03 9.857907e+03 9.850236e+03 9.846239e+03
7.6 9.885380e+03 9.835914e+03 9.854283e+03 9.903749e+03
0.2 9.869364e+03 9.893773e+03 9.860134e+03 9.835725e+03
1.2 9.877979e+03 9.899785e+03 9.854532e+03 9.832726e+03
2.2 9.899087e+03 9.874699e+03 9.853753e+03 9.878141e+03
3.2 9.892329e+03 9.878357e+03 9.856938e+03 9.870910e+03
4.2 9.893927e+03 9.895641e+03 9.852981e+03 9.851268e+03
5.2 9.853910e+03 9.857907e+03 9.850236e+03 9.846239e+03
6.2 9.885380e+03 9.835914e+03 9.854283e+03 9.903749e+03
7.2 9.846267e+03 9.826740e+03 9.856176e+03 9.875703e+03
0.7 9.899087e+03 9.874699e+03 9.853753e+03 9.878141e+03
1.7 9.892329e+03 9.878357e+03 9.856938e+03 9.870910e+03
2.7 9.893927e+03 9.895641e+03 9.852981e+03 9.851268e+03
3.7 9.853910e+03 9.857907e+03 9.850236e+03 9.846239e+03
4.7 9.885380e+03 9.835914e+03 9.854283e+03 9.903749e+03
5.7 9.846267e+03 9.826740e+03 9.856176e+03 9.875703e+03
6.7 9.878177e+03 9.851985e+03 9.856193e+03 9.882386e+03
7.7 9.834336e+03 9.850134e+03 9.855898e+03 9.840100e+03
0.3 9.892329e+03 9.878357e+03 9.856938e+03 9.870910e+03
1.3 9.893927e+03 9.895641e+03 9.852981e+03 9.851268e+03
2.3 9.853910e+03 9.857907e+03 9.850236e+03 9.846239e+03
3.3 9.885380e+03 9.835914e+03 9.854283e+03 9.903749e+03
4.3 9.846267e+03 9.826740e+03 9.856176e+03 9.875703e+03
5.3 9.878177e+03 9.851985e+03 9.856193e+03 9.882386e+03
6.3 9.834336e+03 9.850134e+03 9.855898e+03 9.840100e+03
7.3 9.843148e+03 9.857515e+03 9.855759e+03 9.841392e+03
0.7 9.910981e+03 9.860676e+03 9.859635e+03 9.909939e+03
1.7 9.857033e+03 9.885080e+03 9.854245e+03 9.826198e+03
2.7 9.891393e+03 9.864147e+03 9.851258e+03 9.878504e+03
3.7 9.864983e+03 9.847758e+03 9.854942e+03 9.872168e+03
4.7 9.824310e+03 9.840224e+03 9.856034e+03 9.840120e+03
5.7 9.826774e+03 9.832440e+03 9.855949e+03 9.850283e+03
6.7 9.844630e+03 9.855693e+03 9.855744e+03 9.844681e+03
7.7 9.872342e+03 9.852627e+03 9.855668e+03 9.875383e+03
0.9 9.872636e+03 9.875214e+03 9.858890e+03 9.856311e+03
1.9 9.874219e+03 9.875239e+03 9.852816e+03 9.851795e+03
2.9 9.839849e+03 9.836657e+03 9.855713e+03 9.858904e+03
3.9 9.888729e+03 9.881920e+03 9.858580e+03 9.865389e+03
4.9 9.842146e+03 9.877538e+03 9.856491e+03 9.821100e+03
5.9 9.861458e+03 9.894600e+03 9.852474e+03 9.819332e+03
6.9 9.864567e+03 9.861337e+03 9.850527e+03 9.853756e+03
7.9 9.811006e+03 9.843281e+03 9.854931e+03 9.822656e+03
1.0 9.888729e+03 9.881920e+03 9.858580e+03 9.865389e+03
2.0 9.842146e+03 9.877538e+03 9.856491e+03 9.821100e+03
3.0 9.861458e+03 9.894600e+03 9.852474e+03 9.819332e+03
4.0 9.864567e+03 9.861337e+03 9.850527e+03 9.853756e+03
5.0 9.811006e+03 9.843281e+03 9.854931e+03 9.822656e+03
6.0 9.844817e+03 9.842818e+03 9.856142e+03 9.858141e+03
7.0 9.824274e+03 9.829339e+03 9.855989e+03 9.850924e+03
8.0 9.854983e+03 9.848013e+03 9.855735e+03 9.862705e+03
0.6 9.842146e+03 9.877538e+03 9.856491e+03 9.821100e+03
1.6 9.861458e+03 9.894600e+03 9.852474e+03 9.819332e+03
2.6 9.864567e+03 9.861337e+03 9.850527e+03 9.853756e+03
3.6 9.811006e+03 9.843281e+03 9.854931e+03 9.822656e+03
4.6 9.844817e+03 9.842818e+03 9.856142e+03 9.858141e+03
5.6 9.824274e+03 9.829339e+03 9.855989e+03 9.850924e+03
6.6 9.854983e+03 9.848013e+03 9.855735e+03 9.862705e+03
7.6 9.839876e+03 9.852421e+03 9.855644e+03 9.843100e+03
1.0 9.899384e+03 9.881456e+03 9.858210e+03 9.876137e+03
2.0 9.876556e+03 9.858512e+03 9.851616e+03 9.869659e+03
3.0 9.865142e+03 9.832508e+03 9.852435e+03 9.885069e+03
4.0 9.857630e+03 9.853758e+03 9.855399e+03 9.859271e+03
5.0 9.804261e+03 9.847479e+03 9.856008e+03 9.812790e+03
6.0 9.842981e+03 9.844708e+03 9.855828e+03 9.854101e+03
7.0 9.817373e+03 9.828326e+03 9.855671e+03 9.844717e+03
8.0 9.853755e+03 9.846066e+03 9.855866e+03 9.863555e+03
0.5 9.857671e+03 9.850748e+03 9.860475e+03 9.867398e+03
1.5 9.920863e+03 9.894066e+03 9.860263e+03 9.887060e+03
2.5 9.880416e+03 9.891278e+03 9.853775e+03 9.842913e+03
3.5 9.902576e+03 9.869735e+03 9.854588e+03 9.887429e+03
4.5 9.913527e+03 9.885257e+03 9.857062e+03 9.885332e+03
5.5 9.869328e+03 9.889474e+03 9.852763e+03 9.832616e+03
6.5 9.816012e+03 9.843223e+03 9.850197e+03 9.822986e+03
7.5 9.826064e+03 9.819775e+03 9.853586e+03 9.859875e+03
1.0 9.880416e+03 9.891278e+03 9.853775e+03 9.842913e+03
2.0 9.902576e+03 9.869735e+03 9.854588e+03 9.887429e+03
3.0 9.913527e+03 9.885257e+03 9.857062e+03 9.885332e+03
4.0 9.869328e+03 9.889474e+03 9.852763e+03 9.832616e+03
5.0 9.816012e+03 9.843223e+03 9.850197e+03 9.822986e+03
6.0 9.826064e+03 9.819775e+03 9.853586e+03 9.859875e+03
7.0 9.817343e+03 9.825629e+03 9.855947e+03 9.847661e+03
8.0 9.861236e+03 9.845810e+03 9.856101e+03 9.871528e+03
0.6 9.902576e+03 9.869735e+03 9.854588e+03 9.887429e+03
1.6 9.913527e+03 9.885257e+03 9.857062e+03 9.885332e+03
2.6 9.869328e+03 9.889474e+03 9.852763e+03 9.832616e+03
3.6 9.816012e+03 9.843223e+03 9.850197e+03 9.822986e+03
4.6 9.826064e+03 9.819775e+03 9.853586e+03 9.859875e+03
5.6 9.817343e+03 9.825629e+03 9.855947e+03 9.847661e+03
6.6 9.861236e+03 9.845810e+03 9.856101e+03 9.871528e+03
7.6 9.800451e+03 9.849156e+03 9.855799e+03 9.807093e+03
0.2 9.913527e+03 9.885257e+03 9.857062e+03 9.885332e+03
1.2 9.869328e+03 9.889474e+03 9.852763e+03 9.832616e+03
2.2 9.816012e+03 9.843223e+03 9.850197e+03 9.822986e+03
3.2 9.826064e+03 9.819775e+03 9.853586e+03 9.859875e+03
4.2 9.817343e+03 9.825629e+03 9.855947e+03 9.847661e+03
5.2 9.861236e+03 9.845810e+03 9.856101e+03 9.871528e+03
6.2 9.800451e+03 9.849156e+03 9.855799e+03 9.807093e+03
7.2 9.849041e+03 9.850074e+03 9.855635e+03 9.854602e+03
0.2 9.860630e+03 9.852662e+03 9.860172e+03 9.868139e+03
1.2 9.884647e+03 9.885444e+03 9.857513e+03 9.856715e+03
2.2 9.897371e+03 9.844912e+03 9.850719e+03 9.903179e+03
3.2 9.850970e+03 9.823920e+03 9.857872e+03 9.884921e+03
4.2 9.909073e+03 9.886531e+03 9.859768e+03 9.882310e+03
5.2 9.851980e+03 9.877906e+03 9.854127e+03 9.828201e+03
6.2 9.870363e+03 9.865114e+03 9.855691e+03 9.860939e+03
7.2 9.879801e+03 9.878792e+03 9.852526e+03 9.853535e+03
0.3 9.850970e+03 9.823920e+03 9.857872e+03 9.884921e+03
1.3 9.909073e+03 9.886531e+03 9.859768e+03 9.882310e+03
2.3 9.851980e+03 9.877906e+03 9.854127e+03 9.828201e+03
3.3 9.870363e+03 9.865114e+03 9.855691e+03 9.860939e+03
4.3 9.879801e+03 9.878792e+03 9.852526e+03 9.853535e+03
0.9 9.851980e+03 9.877906e+03 9.854127e+03 9.828201e+03
1.9 9.870363e+03 9.865114e+03 9.855691e+03 9.860939e+03
2.9 9.879801e+03 9.878792e+03 9.852526e+03 9.853535e+03
0.5 9.870363e+03 9.865114e+03 9.855691e+03 9.860939e+03
1.5 9.879801e+03 9.878792e+03 9.852526e+03 9.853535e+03
