0.5 1.071179e+04 1.069790e+04 1.069490e+04 1.070878e+04
1.5 1.071362e+04 1.071234e+04 1.071132e+04 1.071261e+04
2.5 1.068884e+04 1.069615e+04 1.069815e+04 1.069084e+04
3.5 1.070980e+04 1.069972e+04 1.069572e+04 1.070581e+04
4.5 1.067721e+04 1.071159e+04 1.070884e+04 1.067445e+04
5.5 1.069021e+04 1.069779e+04 1.069643e+04 1.068884e+04
6.5 1.072891e+04 1.070519e+04 1.069897e+04 1.072269e+04
7.5 1.070028e+04 1.071133e+04 1.070724e+04 1.069619e+04
0.6 1.070980e+04 1.069972e+04 1.069572e+04 1.070581e+04
1.6 1.067721e+04 1.071159e+04 1.070884e+04 1.067445e+04
2.6 1.069021e+04 1.069779e+04 1.069643e+04 1.068884e+04
3.6 1.072891e+04 1.070519e+04 1.069897e+04 1.072269e+04
4.6 1.070028e+04 1.071133e+04 1.070724e+04 1.069619e+04
5.6 1.068395e+04 1.070431e+04 1.069559e+04 1.067523e+04
6.6 1.073452e+04 1.068760e+04 1.069278e+04 1.073970e+04
7.6 1.072799e+04 1.067368e+04 1.069342e+04 1.074772e+04
0.7 1.072891e+04 1.070519e+04 1.069897e+04 1.072269e+04
1.7 1.070028e+04 1.071133e+04 1.070724e+04 1.069619e+04
2.7 1.068395e+04 1.070431e+04 1.069559e+04 1.067523e+04
3.7 1.073452e+04 1.068760e+04 1.069278e+04 1.073970e+04
4.7 1.072799e+04 1.067368e+04 1.069342e+04 1.074772e+04
5.7 1.066493e+04 1.069498e+04 1.069424e+04 1.066419e+04
6.7 1.075429e+04 1.072175e+04 1.070848e+04 1.074102e+04
7.7 1.070611e+04 1.071685e+04 1.070446e+04 1.069372e+04
1.0 1.075429e+04 1.072175e+04 1.070848e+04 1.074102e+04
2.0 1.070611e+04 1.071685e+04 1.070446e+04 1.069372e+04
3.0 1.067033e+04 1.067400e+04 1.069484e+04 1.069117e+04
4.0 1.065031e+04 1.069079e+04 1.069331e+04 1.065283e+04
5.0 1.070991e+04 1.070143e+04 1.069415e+04 1.070263e+04
6.0 1.068067e+04 1.068995e+04 1.069480e+04 1.068551e+04
7.0 1.070383e+04 1.067281e+04 1.069502e+04 1.072603e+04
8.0 1.068149e+04 1.067508e+04 1.069510e+04 1.070151e+04
1.0 1.071655e+04 1.070737e+04 1.070909e+04 1.071827e+04
2.0 1.071005e+04 1.072050e+04 1.070786e+04 1.069742e+04
3.0 1.073263e+04 1.072318e+04 1.071131e+04 1.072076e+04
4.0 1.071942e+04 1.070863e+04 1.069639e+04 1.070717e+04
5.0 1.073189e+04 1.070066e+04 1.069293e+04 1.072415e+04
6.0 1.067437e+04 1.067680e+04 1.069369e+04 1.069127e+04
7.0 1.072944e+04 1.069266e+04 1.069457e+04 1.073135e+04
8.0 1.073073e+04 1.070600e+04 1.069481e+04 1.071954e+04
0.6 1.071005e+04 1.072050e+04 1.070786e+04 1.069742e+04
1.6 1.073263e+04 1.072318e+04 1.071131e+04 1.072076e+04
2.6 1.071942e+04 1.070863e+04 1.069639e+04 1.070717e+04
3.6 1.073189e+04 1.070066e+04 1.069293e+04 1.072415e+04
4.6 1.067437e+04 1.067680e+04 1.069369e+04 1.069127e+04
5.6 1.072944e+04 1.069266e+04 1.069457e+04 1.073135e+04
6.6 1.073073e+04 1.070600e+04 1.069481e+04 1.071954e+04
7.6 1.066327e+04 1.070728e+04 1.069477e+04 1.065076e+04
0.9 1.069466e+04 1.069645e+04 1.070350e+04 1.070172e+04
1.9 1.070051e+04 1.071176e+04 1.070501e+04 1.069376e+04
2.9 1.062907e+04 1.070550e+04 1.069361e+04 1.061717e+04
3.9 1.071101e+04 1.071692e+04 1.070502e+04 1.069910e+04
4.9 1.071727e+04 1.071303e+04 1.070430e+04 1.070854e+04
5.9 1.074929e+04 1.071679e+04 1.070828e+04 1.074079e+04
6.9 1.072968e+04 1.071865e+04 1.070989e+04 1.072092e+04
7.9 1.071200e+04 1.069812e+04 1.069766e+04 1.071155e+04
1.0 1.071101e+04 1.071692e+04 1.070502e+04 1.069910e+04
2.0 1.071727e+04 1.071303e+04 1.070430e+04 1.070854e+04
3.0 1.074929e+04 1.071679e+04 1.070828e+04 1.074079e+04
4.0 1.072968e+04 1.071865e+04 1.070989e+04 1.072092e+04
5.0 1.071200e+04 1.069812e+04 1.069766e+04 1.071155e+04
6.0 1.061687e+04 1.067149e+04 1.069039e+04 1.063577e+04
7.0 1.073020e+04 1.070528e+04 1.070771e+04 1.073262e+04
8.0 1.072878e+04 1.071390e+04 1.070741e+04 1.072228e+04
0.6 1.071727e+04 1.071303e+04 1.070430e+04 1.070854e+04
1.6 1.074929e+04 1.071679e+04 1.070828e+04 1.074079e+04
2.6 1.072968e+04 1.071865e+04 1.070989e+04 1.072092e+04
3.6 1.071200e+04 1.069812e+04 1.069766e+04 1.071155e+04
4.6 1.061687e+04 1.067149e+04 1.069039e+04 1.063577e+04
5.6 1.073020e+04 1.070528e+04 1.070771e+04 1.073262e+04
6.6 1.072878e+04 1.071390e+04 1.070741e+04 1.072228e+04
7.6 1.071015e+04 1.070862e+04 1.070299e+04 1.070453e+04
0.2 1.074929e+04 1.071679e+04 1.070828e+04 1.074079e+04
1.2 1.072968e+04 1.071865e+04 1.070989e+04 1.072092e+04
2.2 1.071200e+04 1.069812e+04 1.069766e+04 1.071155e+04
3.2 1.061687e+04 1.067149e+04 1.069039e+04 1.063577e+04
4.2 1.073020e+04 1.070528e+04 1.070771e+04 1.073262e+04
5.2 1.072878e+04 1.071390e+04 1.070741e+04 1.072228e+04
6.2 1.071015e+04 1.070862e+04 1.070299e+04 1.070453e+04
7.2 1.071155e+04 1.069891e+04 1.069143e+04 1.070407e+04
0.3 1.061687e+04 1.067149e+04 1.069039e+04 1.063577e+04
1.3 1.073020e+04 1.070528e+04 1.070771e+04 1.073262e+04
2.3 1.072878e+04 1.071390e+04 1.070741e+04 1.072228e+04
3.3 1.071015e+04 1.070862e+04 1.070299e+04 1.070453e+04
4.3 1.071155e+04 1.069891e+04 1.069143e+04 1.070407e+04
5.3 1.074635e+04 1.071277e+04 1.070390e+04 1.073748e+04
6.3 1.073391e+04 1.071079e+04 1.070381e+04 1.072693e+04
7.3 1.064589e+04 1.071210e+04 1.070808e+04 1.064186e+04
0.9 1.072878e+04 1.071390e+04 1.070741e+04 1.072228e+04
1.9 1.071015e+04 1.070862e+04 1.070299e+04 1.070453e+04
2.9 1.071155e+04 1.069891e+04 1.069143e+04 1.070407e+04
3.9 1.074635e+04 1.071277e+04 1.070390e+04 1.073748e+04
4.9 1.073391e+04 1.071079e+04 1.070381e+04 1.072693e+04
5.9 1.064589e+04 1.071210e+04 1.070808e+04 1.064186e+04
6.9 1.072624e+04 1.069595e+04 1.069345e+04 1.072374e+04
7.9 1.067614e+04 1.069575e+04 1.069013e+04 1.067052e+04
1.0 1.074635e+04 1.071277e+04 1.070390e+04 1.073748e+04
2.0 1.073391e+04 1.071079e+04 1.070381e+04 1.072693e+04
3.0 1.064589e+04 1.071210e+04 1.070808e+04 1.064186e+04
4.0 1.072624e+04 1.069595e+04 1.069345e+04 1.072374e+04
5.0 1.067614e+04 1.069575e+04 1.069013e+04 1.067052e+04
6.0 1.074000e+04 1.069755e+04 1.069101e+04 1.073346e+04
7.0 1.070598e+04 1.070469e+04 1.069201e+04 1.069330e+04
8.0 1.070458e+04 1.068795e+04 1.069237e+04 1.070901e+04
0.6 1.073391e+04 1.071079e+04 1.070381e+04 1.072693e+04
1.6 1.064589e+04 1.071210e+04 1.070808e+04 1.064186e+04
2.6 1.072624e+04 1.069595e+04 1.069345e+04 1.072374e+04
3.6 1.067614e+04 1.069575e+04 1.069013e+04 1.067052e+04
4.6 1.074000e+04 1.069755e+04 1.069101e+04 1.073346e+04
5.6 1.070598e+04 1.070469e+04 1.069201e+04 1.069330e+04
6.6 1.070458e+04 1.068795e+04 1.069237e+04 1.070901e+04
7.6 1.065380e+04 1.067217e+04 1.069247e+04 1.067410e+04
0.2 1.060388e+04 1.066843e+04 1.069254e+04 1.062799e+04
1.2 1.064983e+04 1.070564e+04 1.070895e+04 1.065313e+04
2.2 1.066892e+04 1.071519e+04 1.070650e+04 1.066023e+04
3.2 1.073847e+04 1.071396e+04 1.070623e+04 1.073074e+04
4.2 1.072098e+04 1.070020e+04 1.069271e+04 1.071349e+04
5.2 1.073872e+04 1.071057e+04 1.070066e+04 1.072882e+04
6.2 1.071035e+04 1.071356e+04 1.070422e+04 1.070100e+04
7.2 1.076741e+04 1.072433e+04 1.071033e+04 1.075342e+04
0.7 1.066892e+04 1.071519e+04 1.070650e+04 1.066023e+04
1.7 1.073847e+04 1.071396e+04 1.070623e+04 1.073074e+04
2.7 1.072098e+04 1.070020e+04 1.069271e+04 1.071349e+04
3.7 1.073872e+04 1.071057e+04 1.070066e+04 1.072882e+04
4.7 1.071035e+04 1.071356e+04 1.070422e+04 1.070100e+04
5.7 1.076741e+04 1.072433e+04 1.071033e+04 1.075342e+04
6.7 1.070190e+04 1.068029e+04 1.069512e+04 1.071674e+04
7.7 1.068961e+04 1.067207e+04 1.069052e+04 1.070807e+04
0.9 1.073872e+04 1.071057e+04 1.070066e+04 1.072882e+04
1.9 1.071035e+04 1.071356e+04 1.070422e+04 1.070100e+04
2.9 1.076741e+04 1.072433e+04 1.071033e+04 1.075342e+04
3.9 1.070190e+04 1.068029e+04 1.069512e+04 1.071674e+04
4.9 1.068961e+04 1.067207e+04 1.069052e+04 1.070807e+04
5.9 1.072094e+04 1.069573e+04 1.069116e+04 1.071636e+04
6.9 1.070941e+04 1.072199e+04 1.070867e+04 1.069609e+04
7.9 1.072272e+04 1.071660e+04 1.070670e+04 1.071281e+04
0.5 1.071035e+04 1.071356e+04 1.070422e+04 1.070100e+04
1.5 1.076741e+04 1.072433e+04 1.071033e+04 1.075342e+04
2.5 1.070190e+04 1.068029e+04 1.069512e+04 1.071674e+04
3.5 1.068961e+04 1.067207e+04 1.069052e+04 1.070807e+04
4.5 1.072094e+04 1.069573e+04 1.069116e+04 1.071636e+04
5.5 1.070941e+04 1.072199e+04 1.070867e+04 1.069609e+04
6.5 1.072272e+04 1.071660e+04 1.070670e+04 1.071281e+04
7.5 1.068628e+04 1.071298e+04 1.070660e+04 1.067990e+04
0.2 1.072094e+04 1.069573e+04 1.069116e+04 1.071636e+04
1.2 1.070941e+04 1.072199e+04 1.070867e+04 1.069609e+04
2.2 1.072272e+04 1.071660e+04 1.070670e+04 1.071281e+04
3.2 1.068628e+04 1.071298e+04 1.070660e+04 1.067990e+04
4.2 1.070109e+04 1.070071e+04 1.069318e+04 1.069356e+04
5.2 1.069580e+04 1.071253e+04 1.070123e+04 1.068450e+04
6.2 1.071484e+04 1.072019e+04 1.070403e+04 1.069868e+04
7.2 1.066200e+04 1.068032e+04 1.069378e+04 1.067546e+04
0.7 1.072272e+04 1.071660e+04 1.070670e+04 1.071281e+04
1.7 1.068628e+04 1.071298e+04 1.070660e+04 1.067990e+04
2.7 1.070109e+04 1.070071e+04 1.069318e+04 1.069356e+04
3.7 1.069580e+04 1.071253e+04 1.070123e+04 1.068450e+04
4.7 1.071484e+04 1.072019e+04 1.070403e+04 1.069868e+04
5.7 1.066200e+04 1.068032e+04 1.069378e+04 1.067546e+04
6.7 1.066870e+04 1.066563e+04 1.069184e+04 1.069492e+04
7.7 1.070959e+04 1.068029e+04 1.069268e+04 1.072199e+04
0.9 1.069580e+04 1.071253e+04 1.070123e+04 1.068450e+04
1.9 1.071484e+04 1.072019e+04 1.070403e+04 1.069868e+04
2.9 1.066200e+04 1.068032e+04 1.069378e+04 1.067546e+04
3.9 1.066870e+04 1.066563e+04 1.069184e+04 1.069492e+04
4.9 1.070959e+04 1.068029e+04 1.069268e+04 1.072199e+04
5.9 1.067219e+04 1.068061e+04 1.069348e+04 1.068507e+04
6.9 1.068554e+04 1.066779e+04 1.069383e+04 1.071158e+04
7.9 1.071021e+04 1.068302e+04 1.069401e+04 1.072120e+04
0.9 1.069372e+04 1.072010e+04 1.070478e+04 1.067840e+04
1.9 1.073343e+04 1.072041e+04 1.070749e+04 1.072050e+04
2.9 1.075273e+04 1.072190e+04 1.071289e+04 1.074372e+04
3.9 1.064380e+04 1.070533e+04 1.069757e+04 1.063604e+04
4.9 1.076538e+04 1.070990e+04 1.069599e+04 1.075147e+04
5.9 1.068998e+04 1.073197e+04 1.070994e+04 1.066795e+04
6.9 1.069350e+04 1.068290e+04 1.069792e+04 1.070853e+04
7.9 1.067413e+04 1.068297e+04 1.069437e+04 1.068553e+04
0.5 1.073343e+04 1.072041e+04 1.070749e+04 1.072050e+04
1.5 1.075273e+04 1.072190e+04 1.071289e+04 1.074372e+04
2.5 1.064380e+04 1.070533e+04 1.069757e+04 1.063604e+04
3.5 1.076538e+04 1.070990e+04 1.069599e+04 1.075147e+04
4.5 1.068998e+04 1.073197e+04 1.070994e+04 1.066795e+04
5.5 1.069350e+04 1.068290e+04 1.069792e+04 1.070853e+04
6.5 1.067413e+04 1.068297e+04 1.069437e+04 1.068553e+04
7.5 1.074363e+04 1.071415e+04 1.069497e+04 1.072445e+04
0.6 1.076538e+04 1.070990e+04 1.069599e+04 1.075147e+04
1.6 1.068998e+04 1.073197e+04 1.070994e+04 1.066795e+04
2.6 1.069350e+04 1.068290e+04 1.069792e+04 1.070853e+04
3.6 1.067413e+04 1.068297e+04 1.069437e+04 1.068553e+04
4.6 1.074363e+04 1.071415e+04 1.069497e+04 1.072445e+04
5.6 1.071085e+04 1.069157e+04 1.069605e+04 1.071532e+04
6.6 1.068892e+04 1.068170e+04 1.069665e+04 1.070388e+04
7.6 1.064227e+04 1.069233e+04 1.069704e+04 1.064698e+04
