0.5 8.063436e+03 8.245721e+03 8.285225e+03 8.102940e+03
1.5 8.342810e+03 8.409740e+03 8.271719e+03 8.204788e+03
2.5 7.965756e+03 8.240344e+03 8.253354e+03 7.978766e+03
3.5 8.311608e+03 8.234187e+03 8.278876e+03 8.356297e+03
4.5 8.512738e+03 8.365439e+03 8.269227e+03 8.416526e+03
5.5 8.143040e+03 8.212735e+03 8.258915e+03 8.189220e+03
6.5 8.368027e+03 8.256643e+03 8.279013e+03 8.390398e+03
7.5 8.400195e+03 8.330468e+03 8.265265e+03 8.334992e+03
0.6 8.311608e+03 8.234187e+03 8.278876e+03 8.356297e+03
1.6 8.512738e+03 8.365439e+03 8.269227e+03 8.416526e+03
2.6 8.143040e+03 8.212735e+03 8.258915e+03 8.189220e+03
3.6 8.368027e+03 8.256643e+03 8.279013e+03 8.390398e+03
4.6 8.400195e+03 8.330468e+03 8.265265e+03 8.334992e+03
5.6 8.126153e+03 8.208580e+03 8.254455e+03 8.172028e+03
6.6 8.248327e+03 8.304071e+03 8.266373e+03 8.210629e+03
7.6 8.348293e+03 8.283501e+03 8.269906e+03 8.334699e+03
0.7 8.368027e+03 8.256643e+03 8.279013e+03 8.390398e+03
1.7 8.400195e+03 8.330468e+03 8.265265e+03 8.334992e+03
2.7 8.126153e+03 8.208580e+03 8.254455e+03 8.172028e+03
3.7 8.248327e+03 8.304071e+03 8.266373e+03 8.210629e+03
4.7 8.348293e+03 8.283501e+03 8.269906e+03 8.334699e+03
5.7 8.224954e+03 8.168668e+03 8.283129e+03 8.339416e+03
6.7 8.364235e+03 8.325155e+03 8.278475e+03 8.317555e+03
7.7 8.246201e+03 8.329537e+03 8.255281e+03 8.171945e+03
1.0 8.364235e+03 8.325155e+03 8.278475e+03 8.317555e+03
2.0 8.246201e+03 8.329537e+03 8.255281e+03 8.171945e+03
3.0 8.499697e+03 8.340881e+03 8.257661e+03 8.416477e+03
4.0 8.021314e+03 8.160706e+03 8.267820e+03 8.128427e+03
5.0 8.195264e+03 8.240609e+03 8.269942e+03 8.224597e+03
6.0 8.260898e+03 8.345184e+03 8.269334e+03 8.185048e+03
7.0 8.293709e+03 8.382085e+03 8.268785e+03 8.180409e+03
8.0 8.300381e+03 8.313395e+03 8.268614e+03 8.255599e+03
1.0 8.464874e+03 8.317066e+03 8.280881e+03 8.428689e+03
2.0 8.287478e+03 8.278819e+03 8.270702e+03 8.279361e+03
3.0 8.407391e+03 8.322983e+03 8.257406e+03 8.341814e+03
4.0 8.053537e+03 8.175472e+03 8.250638e+03 8.128703e+03
5.0 8.343040e+03 8.242568e+03 8.265875e+03 8.366347e+03
6.0 8.420939e+03 8.303052e+03 8.270093e+03 8.387980e+03
7.0 8.065043e+03 8.149255e+03 8.269580e+03 8.185368e+03
8.0 8.131596e+03 8.144183e+03 8.268684e+03 8.256097e+03
0.6 8.287478e+03 8.278819e+03 8.270702e+03 8.279361e+03
1.6 8.407391e+03 8.322983e+03 8.257406e+03 8.341814e+03
2.6 8.053537e+03 8.175472e+03 8.250638e+03 8.128703e+03
3.6 8.343040e+03 8.242568e+03 8.265875e+03 8.366347e+03
4.6 8.420939e+03 8.303052e+03 8.270093e+03 8.387980e+03
5.6 8.065043e+03 8.149255e+03 8.269580e+03 8.185368e+03
6.6 8.131596e+03 8.144183e+03 8.268684e+03 8.256097e+03
7.6 8.262325e+03 8.158051e+03 8.268336e+03 8.372610e+03
0.9 8.127902e+03 8.283505e+03 8.279810e+03 8.124206e+03
1.9 8.392847e+03 8.248767e+03 8.258920e+03 8.403000e+03
2.9 7.965644e+03 8.151875e+03 8.268493e+03 8.082262e+03
3.9 8.304787e+03 8.303251e+03 8.278914e+03 8.280450e+03
4.9 8.448625e+03 8.292681e+03 8.271706e+03 8.427650e+03
5.9 8.310269e+03 8.340760e+03 8.273977e+03 8.243486e+03
6.9 8.188037e+03 8.357656e+03 8.258229e+03 8.088610e+03
7.9 8.354953e+03 8.301807e+03 8.249563e+03 8.302708e+03
1.0 8.304787e+03 8.303251e+03 8.278914e+03 8.280450e+03
2.0 8.448625e+03 8.292681e+03 8.271706e+03 8.427650e+03
3.0 8.310269e+03 8.340760e+03 8.273977e+03 8.243486e+03
4.0 8.188037e+03 8.357656e+03 8.258229e+03 8.088610e+03
5.0 8.354953e+03 8.301807e+03 8.249563e+03 8.302708e+03
6.0 8.226052e+03 8.297947e+03 8.278239e+03 8.206344e+03
7.0 8.317060e+03 8.334386e+03 8.285074e+03 8.267747e+03
8.0 8.410469e+03 8.303054e+03 8.263962e+03 8.371377e+03
0.6 8.448625e+03 8.292681e+03 8.271706e+03 8.427650e+03
1.6 8.310269e+03 8.340760e+03 8.273977e+03 8.243486e+03
2.6 8.188037e+03 8.357656e+03 8.258229e+03 8.088610e+03
3.6 8.354953e+03 8.301807e+03 8.249563e+03 8.302708e+03
4.6 8.226052e+03 8.297947e+03 8.278239e+03 8.206344e+03
5.6 8.317060e+03 8.334386e+03 8.285074e+03 8.267747e+03
6.6 8.410469e+03 8.303054e+03 8.263962e+03 8.371377e+03
7.6 8.245751e+03 8.257599e+03 8.253002e+03 8.241154e+03
0.2 8.310269e+03 8.340760e+03 8.273977e+03 8.243486e+03
1.2 8.188037e+03 8.357656e+03 8.258229e+03 8.088610e+03
2.2 8.354953e+03 8.301807e+03 8.249563e+03 8.302708e+03
3.2 8.226052e+03 8.297947e+03 8.278239e+03 8.206344e+03
4.2 8.317060e+03 8.334386e+03 8.285074e+03 8.267747e+03
5.2 8.410469e+03 8.303054e+03 8.263962e+03 8.371377e+03
6.2 8.245751e+03 8.257599e+03 8.253002e+03 8.241154e+03
7.2 8.119532e+03 8.153533e+03 8.269364e+03 8.235363e+03
0.3 8.226052e+03 8.297947e+03 8.278239e+03 8.206344e+03
1.3 8.317060e+03 8.334386e+03 8.285074e+03 8.267747e+03
2.3 8.410469e+03 8.303054e+03 8.263962e+03 8.371377e+03
3.3 8.245751e+03 8.257599e+03 8.253002e+03 8.241154e+03
4.3 8.119532e+03 8.153533e+03 8.269364e+03 8.235363e+03
5.3 8.370066e+03 8.304779e+03 8.280559e+03 8.345846e+03
6.3 8.445521e+03 8.295842e+03 8.272588e+03 8.422268e+03
7.3 8.219228e+03 8.329079e+03 8.258481e+03 8.148629e+03
0.9 8.410469e+03 8.303054e+03 8.263962e+03 8.371377e+03
1.9 8.245751e+03 8.257599e+03 8.253002e+03 8.241154e+03
2.9 8.119532e+03 8.153533e+03 8.269364e+03 8.235363e+03
3.9 8.370066e+03 8.304779e+03 8.280559e+03 8.345846e+03
4.9 8.445521e+03 8.295842e+03 8.272588e+03 8.422268e+03
5.9 8.219228e+03 8.329079e+03 8.258481e+03 8.148629e+03
6.9 8.389552e+03 8.158970e+03 8.251051e+03 8.481632e+03
7.9 8.381660e+03 8.136812e+03 8.266110e+03 8.510958e+03
1.0 8.370066e+03 8.304779e+03 8.280559e+03 8.345846e+03
2.0 8.445521e+03 8.295842e+03 8.272588e+03 8.422268e+03
3.0 8.219228e+03 8.329079e+03 8.258481e+03 8.148629e+03
4.0 8.389552e+03 8.158970e+03 8.251051e+03 8.481632e+03
5.0 8.381660e+03 8.136812e+03 8.266110e+03 8.510958e+03
6.0 8.129014e+03 8.150462e+03 8.270309e+03 8.248861e+03
7.0 8.161795e+03 8.182858e+03 8.269806e+03 8.248744e+03
8.0 8.211333e+03 8.304179e+03 8.268934e+03 8.176089e+03
0.6 8.445521e+03 8.295842e+03 8.272588e+03 8.422268e+03
1.6 8.219228e+03 8.329079e+03 8.258481e+03 8.148629e+03
2.6 8.389552e+03 8.158970e+03 8.251051e+03 8.481632e+03
3.6 8.381660e+03 8.136812e+03 8.266110e+03 8.510958e+03
4.6 8.129014e+03 8.150462e+03 8.270309e+03 8.248861e+03
5.6 8.161795e+03 8.182858e+03 8.269806e+03 8.248744e+03
6.6 8.211333e+03 8.304179e+03 8.268934e+03 8.176089e+03
7.6 8.289130e+03 8.276809e+03 8.268614e+03 8.280935e+03
0.2 8.263616e+03 8.332047e+03 8.284439e+03 8.216009e+03
1.2 8.318003e+03 8.331211e+03 8.282116e+03 8.268907e+03
2.2 7.963873e+03 8.282981e+03 8.265899e+03 7.946790e+03
3.2 8.323134e+03 8.287242e+03 8.255139e+03 8.291030e+03
4.2 8.150112e+03 8.153896e+03 8.263076e+03 8.259292e+03
5.2 8.297737e+03 8.259851e+03 8.279695e+03 8.317582e+03
6.2 8.341055e+03 8.296891e+03 8.277920e+03 8.322084e+03
7.2 8.416688e+03 8.375809e+03 8.259717e+03 8.300595e+03
0.7 7.963873e+03 8.282981e+03 8.265899e+03 7.946790e+03
1.7 8.323134e+03 8.287242e+03 8.255139e+03 8.291030e+03
2.7 8.150112e+03 8.153896e+03 8.263076e+03 8.259292e+03
3.7 8.297737e+03 8.259851e+03 8.279695e+03 8.317582e+03
4.7 8.341055e+03 8.296891e+03 8.277920e+03 8.322084e+03
5.7 8.416688e+03 8.375809e+03 8.259717e+03 8.300595e+03
6.7 8.338948e+03 8.341813e+03 8.249257e+03 8.246392e+03
7.7 8.278294e+03 8.207879e+03 8.264626e+03 8.335041e+03
0.9 8.297737e+03 8.259851e+03 8.279695e+03 8.317582e+03
1.9 8.341055e+03 8.296891e+03 8.277920e+03 8.322084e+03
2.9 8.416688e+03 8.375809e+03 8.259717e+03 8.300595e+03
3.9 8.338948e+03 8.341813e+03 8.249257e+03 8.246392e+03
4.9 8.278294e+03 8.207879e+03 8.264626e+03 8.335041e+03
5.9 8.173095e+03 8.132757e+03 8.286110e+03 8.326448e+03
6.9 8.325462e+03 8.328510e+03 8.283645e+03 8.280596e+03
7.9 8.166372e+03 8.301986e+03 8.266528e+03 8.130914e+03
0.5 8.341055e+03 8.296891e+03 8.277920e+03 8.322084e+03
1.5 8.416688e+03 8.375809e+03 8.259717e+03 8.300595e+03
2.5 8.338948e+03 8.341813e+03 8.249257e+03 8.246392e+03
3.5 8.278294e+03 8.207879e+03 8.264626e+03 8.335041e+03
4.5 8.173095e+03 8.132757e+03 8.286110e+03 8.326448e+03
5.5 8.325462e+03 8.328510e+03 8.283645e+03 8.280596e+03
6.5 8.166372e+03 8.301986e+03 8.266528e+03 8.130914e+03
7.5 8.452176e+03 8.293956e+03 8.255408e+03 8.413629e+03
0.2 8.173095e+03 8.132757e+03 8.286110e+03 8.326448e+03
1.2 8.325462e+03 8.328510e+03 8.283645e+03 8.280596e+03
2.2 8.166372e+03 8.301986e+03 8.266528e+03 8.130914e+03
3.2 8.452176e+03 8.293956e+03 8.255408e+03 8.413629e+03
4.2 8.119017e+03 8.152439e+03 8.263273e+03 8.229851e+03
5.2 8.288084e+03 8.258408e+03 8.279055e+03 8.308731e+03
6.2 8.483184e+03 8.315792e+03 8.261295e+03 8.428686e+03
7.2 8.527981e+03 8.379631e+03 8.256648e+03 8.404998e+03
0.7 8.166372e+03 8.301986e+03 8.266528e+03 8.130914e+03
1.7 8.452176e+03 8.293956e+03 8.255408e+03 8.413629e+03
2.7 8.119017e+03 8.152439e+03 8.263273e+03 8.229851e+03
3.7 8.288084e+03 8.258408e+03 8.279055e+03 8.308731e+03
4.7 8.483184e+03 8.315792e+03 8.261295e+03 8.428686e+03
5.7 8.527981e+03 8.379631e+03 8.256648e+03 8.404998e+03
6.7 8.277779e+03 8.326225e+03 8.267417e+03 8.218971e+03
7.7 8.298651e+03 8.269383e+03 8.270085e+03 8.299353e+03
0.9 8.288084e+03 8.258408e+03 8.279055e+03 8.308731e+03
1.9 8.483184e+03 8.315792e+03 8.261295e+03 8.428686e+03
2.9 8.527981e+03 8.379631e+03 8.256648e+03 8.404998e+03
3.9 8.277779e+03 8.326225e+03 8.267417e+03 8.218971e+03
4.9 8.298651e+03 8.269383e+03 8.270085e+03 8.299353e+03
5.9 8.299864e+03 8.333649e+03 8.269599e+03 8.235814e+03
6.9 8.228293e+03 8.329004e+03 8.269001e+03 8.168291e+03
7.9 8.201136e+03 8.177102e+03 8.268817e+03 8.292851e+03
0.9 8.262735e+03 8.281947e+03 8.281330e+03 8.262119e+03
1.9 8.093229e+03 8.309682e+03 8.276428e+03 8.059976e+03
2.9 8.383401e+03 8.350778e+03 8.258929e+03 8.291553e+03
3.9 8.037561e+03 8.171686e+03 8.252089e+03 8.117963e+03
4.9 8.073054e+03 8.180298e+03 8.280519e+03 8.173274e+03
5.9 8.507673e+03 8.358066e+03 8.270421e+03 8.420029e+03
6.9 8.327037e+03 8.368691e+03 8.253378e+03 8.211724e+03
7.9 8.461504e+03 8.187657e+03 8.265626e+03 8.539473e+03
0.5 8.093229e+03 8.309682e+03 8.276428e+03 8.059976e+03
1.5 8.383401e+03 8.350778e+03 8.258929e+03 8.291553e+03
2.5 8.037561e+03 8.171686e+03 8.252089e+03 8.117963e+03
3.5 8.073054e+03 8.180298e+03 8.280519e+03 8.173274e+03
4.5 8.507673e+03 8.358066e+03 8.270421e+03 8.420029e+03
5.5 8.327037e+03 8.368691e+03 8.253378e+03 8.211724e+03
6.5 8.461504e+03 8.187657e+03 8.265626e+03 8.539473e+03
7.5 8.231513e+03 8.159898e+03 8.270124e+03 8.341739e+03
0.6 8.073054e+03 8.180298e+03 8.280519e+03 8.173274e+03
1.6 8.507673e+03 8.358066e+03 8.270421e+03 8.420029e+03
2.6 8.327037e+03 8.368691e+03 8.253378e+03 8.211724e+03
3.6 8.461504e+03 8.187657e+03 8.265626e+03 8.539473e+03
4.6 8.231513e+03 8.159898e+03 8.270124e+03 8.341739e+03
5.6 8.490636e+03 8.367078e+03 8.270136e+03 8.393694e+03
6.6 8.203379e+03 8.318752e+03 8.269467e+03 8.154093e+03
7.6 8.321908e+03 8.289547e+03 8.269255e+03 8.301616e+03
