0.5 9.825207e+03 9.856845e+03 9.850448e+03 9.818809e+03
1.5 9.904168e+03 9.873929e+03 9.874347e+03 9.904586e+03
2.5 9.817784e+03 9.846142e+03 9.855185e+03 9.826826e+03
3.5 9.857101e+03 9.850859e+03 9.851653e+03 9.857896e+03
4.5 9.873011e+03 9.864675e+03 9.870726e+03 9.879062e+03
5.5 9.842189e+03 9.841147e+03 9.852672e+03 9.853714e+03
6.5 9.883190e+03 9.851101e+03 9.856370e+03 9.888459e+03
7.5 9.851372e+03 9.856433e+03 9.868401e+03 9.863341e+03
0.6 9.857101e+03 9.850859e+03 9.851653e+03 9.857896e+03
1.6 9.873011e+03 9.864675e+03 9.870726e+03 9.879062e+03
2.6 9.842189e+03 9.841147e+03 9.852672e+03 9.853714e+03
3.6 9.883190e+03 9.851101e+03 9.856370e+03 9.888459e+03
4.6 9.851372e+03 9.856433e+03 9.868401e+03 9.863341e+03
5.6 9.842454e+03 9.836890e+03 9.851464e+03 9.857027e+03
6.6 9.887807e+03 9.874395e+03 9.847371e+03 9.860782e+03
7.6 9.902604e+03 9.875660e+03 9.848296e+03 9.875240e+03
0.7 9.883190e+03 9.851101e+03 9.856370e+03 9.888459e+03
1.7 9.851372e+03 9.856433e+03 9.868401e+03 9.863341e+03
2.7 9.842454e+03 9.836890e+03 9.851464e+03 9.857027e+03
3.7 9.887807e+03 9.874395e+03 9.847371e+03 9.860782e+03
4.7 9.902604e+03 9.875660e+03 9.848296e+03 9.875240e+03
5.7 9.814289e+03 9.838522e+03 9.849492e+03 9.825259e+03
6.7 9.856573e+03 9.852037e+03 9.870215e+03 9.874751e+03
7.7 9.829225e+03 9.854074e+03 9.864362e+03 9.839514e+03
1.0 9.856573e+03 9.852037e+03 9.870215e+03 9.874751e+03
2.0 9.829225e+03 9.854074e+03 9.864362e+03 9.839514e+03
3.0 9.911201e+03 9.886220e+03 9.850373e+03 9.875354e+03
4.0 9.849584e+03 9.835883e+03 9.848137e+03 9.861837e+03
5.0 9.876742e+03 9.851232e+03 9.849369e+03 9.874879e+03
6.0 9.855066e+03 9.882642e+03 9.850307e+03 9.822731e+03
7.0 9.900293e+03 9.899654e+03 9.850625e+03 9.851264e+03
8.0 9.857302e+03 9.880838e+03 9.850740e+03 9.827204e+03
1.0 9.908252e+03 9.856502e+03 9.871099e+03 9.922848e+03
2.0 9.847273e+03 9.839562e+03 9.869311e+03 9.877023e+03
3.0 9.882811e+03 9.843492e+03 9.874332e+03 9.913651e+03
4.0 9.812440e+03 9.824809e+03 9.852614e+03 9.840245e+03
5.0 9.858277e+03 9.852348e+03 9.847580e+03 9.853509e+03
6.0 9.905928e+03 9.879042e+03 9.848700e+03 9.875586e+03
7.0 9.814380e+03 9.831276e+03 9.849979e+03 9.833083e+03
8.0 9.816141e+03 9.823439e+03 9.850327e+03 9.843028e+03
0.6 9.847273e+03 9.839562e+03 9.869311e+03 9.877023e+03
1.6 9.882811e+03 9.843492e+03 9.874332e+03 9.913651e+03
2.6 9.812440e+03 9.824809e+03 9.852614e+03 9.840245e+03
3.6 9.858277e+03 9.852348e+03 9.847580e+03 9.853509e+03
4.6 9.905928e+03 9.879042e+03 9.848700e+03 9.875586e+03
5.6 9.814380e+03 9.831276e+03 9.849979e+03 9.833083e+03
6.6 9.816141e+03 9.823439e+03 9.850327e+03 9.843028e+03
7.6 9.815327e+03 9.826388e+03 9.850261e+03 9.839201e+03
0.9 9.853910e+03 9.857907e+03 9.862971e+03 9.858975e+03
1.9 9.885380e+03 9.835914e+03 9.865166e+03 9.914632e+03
2.9 9.846267e+03 9.826740e+03 9.848576e+03 9.868103e+03
3.9 9.878177e+03 9.851985e+03 9.865170e+03 9.891362e+03
4.9 9.834336e+03 9.850134e+03 9.864123e+03 9.848326e+03
5.9 9.843148e+03 9.857515e+03 9.869926e+03 9.855559e+03
6.9 9.816578e+03 9.856015e+03 9.872259e+03 9.832822e+03
7.9 9.910981e+03 9.860676e+03 9.854468e+03 9.904773e+03
1.0 9.878177e+03 9.851985e+03 9.865170e+03 9.891362e+03
2.0 9.834336e+03 9.850134e+03 9.864123e+03 9.848326e+03
3.0 9.843148e+03 9.857515e+03 9.869926e+03 9.855559e+03
4.0 9.816578e+03 9.856015e+03 9.872259e+03 9.832822e+03
5.0 9.910981e+03 9.860676e+03 9.854468e+03 9.904773e+03
6.0 9.857033e+03 9.885080e+03 9.843890e+03 9.815843e+03
7.0 9.891393e+03 9.864147e+03 9.869085e+03 9.896331e+03
8.0 9.864983e+03 9.847758e+03 9.868647e+03 9.885873e+03
0.6 9.834336e+03 9.850134e+03 9.864123e+03 9.848326e+03
1.6 9.843148e+03 9.857515e+03 9.869926e+03 9.855559e+03
2.6 9.816578e+03 9.856015e+03 9.872259e+03 9.832822e+03
3.6 9.910981e+03 9.860676e+03 9.854468e+03 9.904773e+03
4.6 9.857033e+03 9.885080e+03 9.843890e+03 9.815843e+03
5.6 9.891393e+03 9.864147e+03 9.869085e+03 9.896331e+03
6.6 9.864983e+03 9.847758e+03 9.868647e+03 9.885873e+03
7.6 9.824310e+03 9.840224e+03 9.862227e+03 9.846313e+03
0.2 9.843148e+03 9.857515e+03 9.869926e+03 9.855559e+03
1.2 9.816578e+03 9.856015e+03 9.872259e+03 9.832822e+03
2.2 9.910981e+03 9.860676e+03 9.854468e+03 9.904773e+03
3.2 9.857033e+03 9.885080e+03 9.843890e+03 9.815843e+03
4.2 9.891393e+03 9.864147e+03 9.869085e+03 9.896331e+03
5.2 9.864983e+03 9.847758e+03 9.868647e+03 9.885873e+03
6.2 9.824310e+03 9.840224e+03 9.862227e+03 9.846313e+03
7.2 9.826774e+03 9.832440e+03 9.845399e+03 9.839733e+03
0.3 9.857033e+03 9.885080e+03 9.843890e+03 9.815843e+03
1.3 9.891393e+03 9.864147e+03 9.869085e+03 9.896331e+03
2.3 9.864983e+03 9.847758e+03 9.868647e+03 9.885873e+03
3.3 9.824310e+03 9.840224e+03 9.862227e+03 9.846313e+03
4.3 9.826774e+03 9.832440e+03 9.845399e+03 9.839733e+03
5.3 9.844630e+03 9.855693e+03 9.863547e+03 9.852484e+03
6.3 9.872342e+03 9.852627e+03 9.863416e+03 9.883131e+03
7.3 9.800104e+03 9.853425e+03 9.869627e+03 9.816307e+03
0.9 9.864983e+03 9.847758e+03 9.868647e+03 9.885873e+03
1.9 9.824310e+03 9.840224e+03 9.862227e+03 9.846313e+03
2.9 9.826774e+03 9.832440e+03 9.845399e+03 9.839733e+03
3.9 9.844630e+03 9.855693e+03 9.863547e+03 9.852484e+03
4.9 9.872342e+03 9.852627e+03 9.863416e+03 9.883131e+03
5.9 9.800104e+03 9.853425e+03 9.869627e+03 9.816307e+03
6.9 9.879439e+03 9.829232e+03 9.848346e+03 9.898553e+03
7.9 9.842040e+03 9.830088e+03 9.843511e+03 9.855463e+03
1.0 9.844630e+03 9.855693e+03 9.863547e+03 9.852484e+03
2.0 9.872342e+03 9.852627e+03 9.863416e+03 9.883131e+03
3.0 9.800104e+03 9.853425e+03 9.869627e+03 9.816307e+03
4.0 9.879439e+03 9.829232e+03 9.848346e+03 9.898553e+03
5.0 9.842040e+03 9.830088e+03 9.843511e+03 9.855463e+03
6.0 9.858975e+03 9.832869e+03 9.844799e+03 9.870905e+03
7.0 9.849293e+03 9.836882e+03 9.846248e+03 9.858659e+03
8.0 9.872636e+03 9.875214e+03 9.846778e+03 9.844199e+03
0.6 9.872342e+03 9.852627e+03 9.863416e+03 9.883131e+03
1.6 9.800104e+03 9.853425e+03 9.869627e+03 9.816307e+03
2.6 9.879439e+03 9.829232e+03 9.848346e+03 9.898553e+03
3.6 9.842040e+03 9.830088e+03 9.843511e+03 9.855463e+03
4.6 9.858975e+03 9.832869e+03 9.844799e+03 9.870905e+03
5.6 9.849293e+03 9.836882e+03 9.846248e+03 9.858659e+03
6.6 9.872636e+03 9.875214e+03 9.846778e+03 9.844199e+03
7.6 9.874219e+03 9.875239e+03 9.846919e+03 9.845899e+03
0.2 9.861458e+03 9.894600e+03 9.847013e+03 9.813871e+03
1.2 9.864567e+03 9.861337e+03 9.870893e+03 9.874122e+03
2.2 9.811006e+03 9.843281e+03 9.867334e+03 9.835059e+03
3.2 9.844817e+03 9.842818e+03 9.866941e+03 9.868940e+03
4.2 9.824274e+03 9.829339e+03 9.847268e+03 9.842204e+03
5.2 9.854983e+03 9.848013e+03 9.858836e+03 9.865807e+03
6.2 9.839876e+03 9.852421e+03 9.864009e+03 9.851465e+03
7.2 9.864864e+03 9.857996e+03 9.872899e+03 9.879767e+03
0.7 9.811006e+03 9.843281e+03 9.867334e+03 9.835059e+03
1.7 9.844817e+03 9.842818e+03 9.866941e+03 9.868940e+03
2.7 9.824274e+03 9.829339e+03 9.847268e+03 9.842204e+03
3.7 9.854983e+03 9.848013e+03 9.858836e+03 9.865807e+03
4.7 9.839876e+03 9.852421e+03 9.864009e+03 9.851465e+03
5.7 9.864864e+03 9.857996e+03 9.872899e+03 9.879767e+03
6.7 9.899384e+03 9.881456e+03 9.850777e+03 9.868705e+03
7.7 9.876556e+03 9.858512e+03 9.844085e+03 9.862129e+03
0.9 9.854983e+03 9.848013e+03 9.858836e+03 9.865807e+03
1.9 9.839876e+03 9.852421e+03 9.864009e+03 9.851465e+03
2.9 9.864864e+03 9.857996e+03 9.872899e+03 9.879767e+03
3.9 9.899384e+03 9.881456e+03 9.850777e+03 9.868705e+03
4.9 9.876556e+03 9.858512e+03 9.844085e+03 9.862129e+03
5.9 9.865142e+03 9.832508e+03 9.845006e+03 9.877640e+03
6.9 9.857630e+03 9.853758e+03 9.870486e+03 9.874358e+03
7.9 9.804261e+03 9.847479e+03 9.867618e+03 9.824401e+03
0.5 9.839876e+03 9.852421e+03 9.864009e+03 9.851465e+03
1.5 9.864864e+03 9.857996e+03 9.872899e+03 9.879767e+03
2.5 9.899384e+03 9.881456e+03 9.850777e+03 9.868705e+03
3.5 9.876556e+03 9.858512e+03 9.844085e+03 9.862129e+03
4.5 9.865142e+03 9.832508e+03 9.845006e+03 9.877640e+03
5.5 9.857630e+03 9.853758e+03 9.870486e+03 9.874358e+03
6.5 9.804261e+03 9.847479e+03 9.867618e+03 9.824401e+03
7.5 9.842981e+03 9.844708e+03 9.867474e+03 9.865747e+03
0.2 9.865142e+03 9.832508e+03 9.845006e+03 9.877640e+03
1.2 9.857630e+03 9.853758e+03 9.870486e+03 9.874358e+03
2.2 9.804261e+03 9.847479e+03 9.867618e+03 9.824401e+03
3.2 9.842981e+03 9.844708e+03 9.867474e+03 9.865747e+03
4.2 9.817373e+03 9.828326e+03 9.847955e+03 9.837002e+03
5.2 9.853755e+03 9.846066e+03 9.859662e+03 9.867351e+03
6.2 9.857671e+03 9.850748e+03 9.863735e+03 9.870658e+03
7.2 9.920863e+03 9.894066e+03 9.848828e+03 9.875625e+03
0.7 9.804261e+03 9.847479e+03 9.867618e+03 9.824401e+03
1.7 9.842981e+03 9.844708e+03 9.867474e+03 9.865747e+03
2.7 9.817373e+03 9.828326e+03 9.847955e+03 9.837002e+03
3.7 9.853755e+03 9.846066e+03 9.859662e+03 9.867351e+03
4.7 9.857671e+03 9.850748e+03 9.863735e+03 9.870658e+03
5.7 9.920863e+03 9.894066e+03 9.848828e+03 9.875625e+03
6.7 9.880416e+03 9.891278e+03 9.845998e+03 9.835137e+03
7.7 9.902576e+03 9.869735e+03 9.847230e+03 9.880072e+03
0.9 9.853755e+03 9.846066e+03 9.859662e+03 9.867351e+03
1.9 9.857671e+03 9.850748e+03 9.863735e+03 9.870658e+03
2.9 9.920863e+03 9.894066e+03 9.848828e+03 9.875625e+03
3.9 9.880416e+03 9.891278e+03 9.845998e+03 9.835137e+03
4.9 9.902576e+03 9.869735e+03 9.847230e+03 9.880072e+03
5.9 9.913527e+03 9.885257e+03 9.848391e+03 9.876661e+03
6.9 9.869328e+03 9.889474e+03 9.848891e+03 9.828745e+03
7.9 9.816012e+03 9.843223e+03 9.849154e+03 9.821943e+03
0.9 9.861236e+03 9.845810e+03 9.864821e+03 9.880247e+03
1.9 9.800451e+03 9.849156e+03 9.868766e+03 9.820060e+03
2.9 9.849041e+03 9.850074e+03 9.876631e+03 9.875598e+03
3.9 9.764934e+03 9.824546e+03 9.854341e+03 9.794729e+03
4.9 9.825634e+03 9.832442e+03 9.852046e+03 9.845238e+03
5.9 9.860630e+03 9.852662e+03 9.872340e+03 9.880308e+03
6.9 9.884647e+03 9.885444e+03 9.854847e+03 9.854050e+03
7.9 9.897371e+03 9.844912e+03 9.849683e+03 9.902142e+03
0.5 9.800451e+03 9.849156e+03 9.868766e+03 9.820060e+03
1.5 9.849041e+03 9.850074e+03 9.876631e+03 9.875598e+03
2.5 9.764934e+03 9.824546e+03 9.854341e+03 9.794729e+03
3.5 9.825634e+03 9.832442e+03 9.852046e+03 9.845238e+03
4.5 9.860630e+03 9.852662e+03 9.872340e+03 9.880308e+03
5.5 9.884647e+03 9.885444e+03 9.854847e+03 9.854050e+03
6.5 9.897371e+03 9.844912e+03 9.849683e+03 9.902142e+03
7.5 9.850970e+03 9.823920e+03 9.850553e+03 9.877603e+03
0.6 9.825634e+03 9.832442e+03 9.852046e+03 9.845238e+03
1.6 9.860630e+03 9.852662e+03 9.872340e+03 9.880308e+03
2.6 9.884647e+03 9.885444e+03 9.854847e+03 9.854050e+03
3.6 9.897371e+03 9.844912e+03 9.849683e+03 9.902142e+03
4.6 9.850970e+03 9.823920e+03 9.850553e+03 9.877603e+03
5.6 9.909073e+03 9.886531e+03 9.852122e+03 9.874664e+03
6.6 9.851980e+03 9.877906e+03 9.853004e+03 9.827078e+03
7.6 9.870363e+03 9.865114e+03 9.853567e+03 9.858816e+03
