0.5 9.082647e+03 9.119210e+03 9.129378e+03 9.092815e+03
1.5 9.190504e+03 9.159632e+03 9.124319e+03 9.155190e+03
2.5 9.090804e+03 9.113634e+03 9.117439e+03 9.094608e+03
3.5 9.106676e+03 9.114814e+03 9.127000e+03 9.118862e+03
4.5 9.186956e+03 9.147260e+03 9.123385e+03 9.163081e+03
5.5 9.091557e+03 9.106512e+03 9.119522e+03 9.104568e+03
6.5 9.155270e+03 9.119962e+03 9.127051e+03 9.162360e+03
7.5 9.141567e+03 9.137159e+03 9.121901e+03 9.126309e+03
0.6 9.106676e+03 9.114814e+03 9.127000e+03 9.118862e+03
1.6 9.186956e+03 9.147260e+03 9.123385e+03 9.163081e+03
2.6 9.091557e+03 9.106512e+03 9.119522e+03 9.104568e+03
3.6 9.155270e+03 9.119962e+03 9.127051e+03 9.162360e+03
4.6 9.141567e+03 9.137159e+03 9.121901e+03 9.126309e+03
5.6 9.095086e+03 9.104641e+03 9.117852e+03 9.108296e+03
6.6 9.144508e+03 9.135930e+03 9.122316e+03 9.130895e+03
7.6 9.162294e+03 9.131080e+03 9.123640e+03 9.154854e+03
0.7 9.155270e+03 9.119962e+03 9.127051e+03 9.162360e+03
1.7 9.141567e+03 9.137159e+03 9.121901e+03 9.126309e+03
2.7 9.095086e+03 9.104641e+03 9.117852e+03 9.108296e+03
3.7 9.144508e+03 9.135930e+03 9.122316e+03 9.130895e+03
4.7 9.162294e+03 9.131080e+03 9.123640e+03 9.154854e+03
5.7 9.079882e+03 9.096854e+03 9.128593e+03 9.111621e+03
6.7 9.156401e+03 9.135704e+03 9.126849e+03 9.147546e+03
7.7 9.090374e+03 9.136394e+03 9.118161e+03 9.072141e+03
1.0 9.156401e+03 9.135704e+03 9.126849e+03 9.147546e+03
2.0 9.090374e+03 9.136394e+03 9.118161e+03 9.072141e+03
3.0 9.145327e+03 9.146229e+03 9.119053e+03 9.118150e+03
4.0 9.077217e+03 9.093648e+03 9.122858e+03 9.106427e+03
5.0 9.137540e+03 9.116205e+03 9.123653e+03 9.144988e+03
6.0 9.115607e+03 9.147444e+03 9.123425e+03 9.091589e+03
7.0 9.160715e+03 9.159415e+03 9.123220e+03 9.124520e+03
8.0 9.147611e+03 9.139073e+03 9.123155e+03 9.131693e+03
1.0 9.188886e+03 9.134447e+03 9.127751e+03 9.182190e+03
2.0 9.111770e+03 9.121664e+03 9.123938e+03 9.114043e+03
3.0 9.169040e+03 9.132013e+03 9.118957e+03 9.155984e+03
4.0 9.082192e+03 9.093993e+03 9.116422e+03 9.104621e+03
5.0 9.113621e+03 9.116835e+03 9.122130e+03 9.118915e+03
6.0 9.153516e+03 9.136506e+03 9.123710e+03 9.140719e+03
7.0 9.085316e+03 9.089918e+03 9.123518e+03 9.118916e+03
8.0 9.089145e+03 9.087272e+03 9.123182e+03 9.125054e+03
0.6 9.111770e+03 9.121664e+03 9.123938e+03 9.114043e+03
1.6 9.169040e+03 9.132013e+03 9.118957e+03 9.155984e+03
2.6 9.082192e+03 9.093993e+03 9.116422e+03 9.104621e+03
3.6 9.113621e+03 9.116835e+03 9.122130e+03 9.118915e+03
4.6 9.153516e+03 9.136506e+03 9.123710e+03 9.140719e+03
5.6 9.085316e+03 9.089918e+03 9.123518e+03 9.118916e+03
6.6 9.089145e+03 9.087272e+03 9.123182e+03 9.125054e+03
7.6 9.108838e+03 9.091222e+03 9.123052e+03 9.140668e+03
0.9 9.095899e+03 9.127111e+03 9.127349e+03 9.096137e+03
1.9 9.155617e+03 9.113280e+03 9.119524e+03 9.161862e+03
2.9 9.075436e+03 9.089930e+03 9.123110e+03 9.108616e+03
3.9 9.158923e+03 9.130799e+03 9.127014e+03 9.155138e+03
4.9 9.132109e+03 9.127523e+03 9.124314e+03 9.128900e+03
5.9 9.121893e+03 9.140276e+03 9.125165e+03 9.106781e+03
6.9 9.081344e+03 9.143049e+03 9.119265e+03 9.057560e+03
7.9 9.184183e+03 9.131290e+03 9.116019e+03 9.168912e+03
1.0 9.158923e+03 9.130799e+03 9.127014e+03 9.155138e+03
2.0 9.132109e+03 9.127523e+03 9.124314e+03 9.128900e+03
3.0 9.121893e+03 9.140276e+03 9.125165e+03 9.106781e+03
4.0 9.081344e+03 9.143049e+03 9.119265e+03 9.057560e+03
5.0 9.184183e+03 9.131290e+03 9.116019e+03 9.168912e+03
6.0 9.105840e+03 9.137254e+03 9.126761e+03 9.095347e+03
7.0 9.144396e+03 9.140528e+03 9.129321e+03 9.133189e+03
8.0 9.157866e+03 9.128753e+03 9.121413e+03 9.150526e+03
0.6 9.132109e+03 9.127523e+03 9.124314e+03 9.128900e+03
1.6 9.121893e+03 9.140276e+03 9.125165e+03 9.106781e+03
2.6 9.081344e+03 9.143049e+03 9.119265e+03 9.057560e+03
3.6 9.184183e+03 9.131290e+03 9.116019e+03 9.168912e+03
4.6 9.105840e+03 9.137254e+03 9.126761e+03 9.095347e+03
5.6 9.144396e+03 9.140528e+03 9.129321e+03 9.133189e+03
6.6 9.157866e+03 9.128753e+03 9.121413e+03 9.150526e+03
7.6 9.122048e+03 9.116176e+03 9.117307e+03 9.123179e+03
0.2 9.121893e+03 9.140276e+03 9.125165e+03 9.106781e+03
1.2 9.081344e+03 9.143049e+03 9.119265e+03 9.057560e+03
2.2 9.184183e+03 9.131290e+03 9.116019e+03 9.168912e+03
3.2 9.105840e+03 9.137254e+03 9.126761e+03 9.095347e+03
4.2 9.144396e+03 9.140528e+03 9.129321e+03 9.133189e+03
5.2 9.157866e+03 9.128753e+03 9.121413e+03 9.150526e+03
6.2 9.122048e+03 9.116176e+03 9.117307e+03 9.123179e+03
7.2 9.094288e+03 9.091692e+03 9.123437e+03 9.126032e+03
0.3 9.105840e+03 9.137254e+03 9.126761e+03 9.095347e+03
1.3 9.144396e+03 9.140528e+03 9.129321e+03 9.133189e+03
2.3 9.157866e+03 9.128753e+03 9.121413e+03 9.150526e+03
3.3 9.122048e+03 9.116176e+03 9.117307e+03 9.123179e+03
4.3 9.094288e+03 9.091692e+03 9.123437e+03 9.126032e+03
5.3 9.118891e+03 9.132072e+03 9.127630e+03 9.114449e+03
6.3 9.156461e+03 9.128858e+03 9.124644e+03 9.152247e+03
7.3 9.088233e+03 9.135767e+03 9.119360e+03 9.071825e+03
0.9 9.157866e+03 9.128753e+03 9.121413e+03 9.150526e+03
1.9 9.122048e+03 9.116176e+03 9.117307e+03 9.123179e+03
2.9 9.094288e+03 9.091692e+03 9.123437e+03 9.126032e+03
3.9 9.118891e+03 9.132072e+03 9.127630e+03 9.114449e+03
4.9 9.156461e+03 9.128858e+03 9.124644e+03 9.152247e+03
5.9 9.088233e+03 9.135767e+03 9.119360e+03 9.071825e+03
6.9 9.161001e+03 9.091083e+03 9.116576e+03 9.186494e+03
7.9 9.112242e+03 9.087127e+03 9.122217e+03 9.147332e+03
1.0 9.118891e+03 9.132072e+03 9.127630e+03 9.114449e+03
2.0 9.156461e+03 9.128858e+03 9.124644e+03 9.152247e+03
3.0 9.088233e+03 9.135767e+03 9.119360e+03 9.071825e+03
4.0 9.161001e+03 9.091083e+03 9.116576e+03 9.186494e+03
5.0 9.112242e+03 9.087127e+03 9.122217e+03 9.147332e+03
6.0 9.115265e+03 9.091117e+03 9.123791e+03 9.147939e+03
7.0 9.113148e+03 9.099710e+03 9.123602e+03 9.137040e+03
8.0 9.117176e+03 9.136314e+03 9.123276e+03 9.104138e+03
0.6 9.156461e+03 9.128858e+03 9.124644e+03 9.152247e+03
1.6 9.088233e+03 9.135767e+03 9.119360e+03 9.071825e+03
2.6 9.161001e+03 9.091083e+03 9.116576e+03 9.186494e+03
3.6 9.112242e+03 9.087127e+03 9.122217e+03 9.147332e+03
4.6 9.115265e+03 9.091117e+03 9.123791e+03 9.147939e+03
5.6 9.113148e+03 9.099710e+03 9.123602e+03 9.137040e+03
6.6 9.117176e+03 9.136314e+03 9.123276e+03 9.104138e+03
7.6 9.111427e+03 9.129409e+03 9.123156e+03 9.105174e+03
0.2 9.134169e+03 9.147390e+03 9.129084e+03 9.115862e+03
1.2 9.130215e+03 9.138886e+03 9.128213e+03 9.119542e+03
2.2 9.073331e+03 9.123250e+03 9.122138e+03 9.072220e+03
3.2 9.122644e+03 9.123635e+03 9.118108e+03 9.117117e+03
4.2 9.090436e+03 9.090681e+03 9.121081e+03 9.120836e+03
5.2 9.119717e+03 9.120023e+03 9.127306e+03 9.127000e+03
6.2 9.104228e+03 9.129344e+03 9.126641e+03 9.101525e+03
7.2 9.147878e+03 9.147948e+03 9.119823e+03 9.119753e+03
0.7 9.073331e+03 9.123250e+03 9.122138e+03 9.072220e+03
1.7 9.122644e+03 9.123635e+03 9.118108e+03 9.117117e+03
2.7 9.090436e+03 9.090681e+03 9.121081e+03 9.120836e+03
3.7 9.119717e+03 9.120023e+03 9.127306e+03 9.127000e+03
4.7 9.104228e+03 9.129344e+03 9.126641e+03 9.101525e+03
5.7 9.147878e+03 9.147948e+03 9.119823e+03 9.119753e+03
6.7 9.155192e+03 9.145128e+03 9.115904e+03 9.125968e+03
7.7 9.133053e+03 9.109453e+03 9.121662e+03 9.145262e+03
0.9 9.119717e+03 9.120023e+03 9.127306e+03 9.127000e+03
1.9 9.104228e+03 9.129344e+03 9.126641e+03 9.101525e+03
2.9 9.147878e+03 9.147948e+03 9.119823e+03 9.119753e+03
3.9 9.155192e+03 9.145128e+03 9.115904e+03 9.125968e+03
4.9 9.133053e+03 9.109453e+03 9.121662e+03 9.145262e+03
5.9 9.122295e+03 9.087550e+03 9.129710e+03 9.164455e+03
6.9 9.157809e+03 9.137111e+03 9.128786e+03 9.149484e+03
7.9 9.084865e+03 9.128712e+03 9.122374e+03 9.078526e+03
0.5 9.104228e+03 9.129344e+03 9.126641e+03 9.101525e+03
1.5 9.147878e+03 9.147948e+03 9.119823e+03 9.119753e+03
2.5 9.155192e+03 9.145128e+03 9.115904e+03 9.125968e+03
3.5 9.133053e+03 9.109453e+03 9.121662e+03 9.145262e+03
4.5 9.122295e+03 9.087550e+03 9.129710e+03 9.164455e+03
5.5 9.157809e+03 9.137111e+03 9.128786e+03 9.149484e+03
6.5 9.084865e+03 9.128712e+03 9.122374e+03 9.078526e+03
7.5 9.121410e+03 9.125584e+03 9.118209e+03 9.114035e+03
0.2 9.122295e+03 9.087550e+03 9.129710e+03 9.164455e+03
1.2 9.157809e+03 9.137111e+03 9.128786e+03 9.149484e+03
2.2 9.084865e+03 9.128712e+03 9.122374e+03 9.078526e+03
3.2 9.121410e+03 9.125584e+03 9.118209e+03 9.114035e+03
4.2 9.073003e+03 9.090084e+03 9.121155e+03 9.104074e+03
5.2 9.137723e+03 9.119210e+03 9.127067e+03 9.145579e+03
6.2 9.151106e+03 9.132838e+03 9.120414e+03 9.138681e+03
7.2 9.194057e+03 9.157354e+03 9.118673e+03 9.155376e+03
0.7 9.084865e+03 9.128712e+03 9.122374e+03 9.078526e+03
1.7 9.121410e+03 9.125584e+03 9.118209e+03 9.114035e+03
2.7 9.073003e+03 9.090084e+03 9.121155e+03 9.104074e+03
3.7 9.137723e+03 9.119210e+03 9.127067e+03 9.145579e+03
4.7 9.151106e+03 9.132838e+03 9.120414e+03 9.138681e+03
5.7 9.194057e+03 9.157354e+03 9.118673e+03 9.155376e+03
6.7 9.143510e+03 9.144467e+03 9.122707e+03 9.121750e+03
7.7 9.136284e+03 9.126701e+03 9.123707e+03 9.133290e+03
0.9 9.137723e+03 9.119210e+03 9.127067e+03 9.145579e+03
1.9 9.151106e+03 9.132838e+03 9.120414e+03 9.138681e+03
2.9 9.194057e+03 9.157354e+03 9.118673e+03 9.155376e+03
3.9 9.143510e+03 9.144467e+03 9.122707e+03 9.121750e+03
4.9 9.136284e+03 9.126701e+03 9.123707e+03 9.133290e+03
5.9 9.152931e+03 9.145208e+03 9.123525e+03 9.131247e+03
6.9 9.144751e+03 9.144636e+03 9.123301e+03 9.123415e+03
7.9 9.084917e+03 9.098907e+03 9.123232e+03 9.109242e+03
0.9 9.130072e+03 9.124628e+03 9.127919e+03 9.133362e+03
1.9 9.082081e+03 9.131390e+03 9.126083e+03 9.076774e+03
2.9 9.152160e+03 9.139896e+03 9.119528e+03 9.131791e+03
3.9 9.038815e+03 9.092891e+03 9.116965e+03 9.062889e+03
4.9 9.096964e+03 9.098333e+03 9.127615e+03 9.126247e+03
5.9 9.168607e+03 9.143338e+03 9.123833e+03 9.149102e+03
6.9 9.142639e+03 9.152314e+03 9.117448e+03 9.107773e+03
7.9 9.147652e+03 9.101578e+03 9.122036e+03 9.168110e+03
0.5 9.082081e+03 9.131390e+03 9.126083e+03 9.076774e+03
1.5 9.152160e+03 9.139896e+03 9.119528e+03 9.131791e+03
2.5 9.038815e+03 9.092891e+03 9.116965e+03 9.062889e+03
3.5 9.096964e+03 9.098333e+03 9.127615e+03 9.126247e+03
4.5 9.168607e+03 9.143338e+03 9.123833e+03 9.149102e+03
5.5 9.142639e+03 9.152314e+03 9.117448e+03 9.107773e+03
6.5 9.147652e+03 9.101578e+03 9.122036e+03 9.168110e+03
7.5 9.097955e+03 9.091358e+03 9.123721e+03 9.130318e+03
0.6 9.096964e+03 9.098333e+03 9.127615e+03 9.126247e+03
1.6 9.168607e+03 9.143338e+03 9.123833e+03 9.149102e+03
2.6 9.142639e+03 9.152314e+03 9.117448e+03 9.107773e+03
3.6 9.147652e+03 9.101578e+03 9.122036e+03 9.168110e+03
4.6 9.097955e+03 9.091358e+03 9.123721e+03 9.130318e+03
5.6 9.190883e+03 9.153417e+03 9.123726e+03 9.161192e+03
6.6 9.109539e+03 9.139734e+03 9.123475e+03 9.093280e+03
7.6 9.126491e+03 9.130236e+03 9.123396e+03 9.119650e+03
