0.9 1.014767e+04 1.012775e+04 1.012562e+04 1.014555e+04
1.9 1.014820e+04 1.013532e+04 1.012982e+04 1.014269e+04
2.9 1.006874e+04 1.010365e+04 1.009451e+04 1.005960e+04
3.9 1.007030e+04 1.008149e+04 1.008650e+04 1.007531e+04
4.9 1.008533e+04 1.008598e+04 1.009671e+04 1.009606e+04
5.9 1.017568e+04 1.013790e+04 1.013837e+04 1.017615e+04
6.9 1.014266e+04 1.010276e+04 1.009768e+04 1.013757e+04
7.9 1.013026e+04 1.010600e+04 1.010377e+04 1.012803e+04
0.6 1.008533e+04 1.008598e+04 1.009671e+04 1.009606e+04
1.6 1.017568e+04 1.013790e+04 1.013837e+04 1.017615e+04
2.6 1.014266e+04 1.010276e+04 1.009768e+04 1.013757e+04
3.6 1.013026e+04 1.010600e+04 1.010377e+04 1.012803e+04
4.6 1.011075e+04 1.012970e+04 1.012856e+04 1.010962e+04
5.6 1.015431e+04 1.014811e+04 1.014561e+04 1.015181e+04
6.6 1.008800e+04 1.013561e+04 1.013203e+04 1.008442e+04
7.6 1.005397e+04 1.012306e+04 1.012085e+04 1.005175e+04
0.7 1.013026e+04 1.010600e+04 1.010377e+04 1.012803e+04
1.7 1.011075e+04 1.012970e+04 1.012856e+04 1.010962e+04
2.7 1.015431e+04 1.014811e+04 1.014561e+04 1.015181e+04
3.7 1.008800e+04 1.013561e+04 1.013203e+04 1.008442e+04
4.7 1.005397e+04 1.012306e+04 1.012085e+04 1.005175e+04
5.7 1.013525e+04 1.014499e+04 1.013747e+04 1.012773e+04
6.7 1.012829e+04 1.009106e+04 1.009326e+04 1.013049e+04
7.7 1.010217e+04 1.007411e+04 1.008033e+04 1.010838e+04
0.3 1.011075e+04 1.012970e+04 1.012856e+04 1.010962e+04
1.3 1.015431e+04 1.014811e+04 1.014561e+04 1.015181e+04
2.3 1.008800e+04 1.013561e+04 1.013203e+04 1.008442e+04
3.3 1.005397e+04 1.012306e+04 1.012085e+04 1.005175e+04
4.3 1.013525e+04 1.014499e+04 1.013747e+04 1.012773e+04
5.3 1.012829e+04 1.009106e+04 1.009326e+04 1.013049e+04
6.3 1.010217e+04 1.007411e+04 1.008033e+04 1.010838e+04
7.3 1.010320e+04 1.006909e+04 1.008244e+04 1.011655e+04
0.9 1.008800e+04 1.013561e+04 1.013203e+04 1.008442e+04
1.9 1.005397e+04 1.012306e+04 1.012085e+04 1.005175e+04
2.9 1.013525e+04 1.014499e+04 1.013747e+04 1.012773e+04
3.9 1.012829e+04 1.009106e+04 1.009326e+04 1.013049e+04
4.9 1.010217e+04 1.007411e+04 1.008033e+04 1.010838e+04
5.9 1.010320e+04 1.006909e+04 1.008244e+04 1.011655e+04
6.9 1.006698e+04 1.008098e+04 1.008572e+04 1.007172e+04
7.9 1.012730e+04 1.010779e+04 1.010640e+04 1.012591e+04
0.5 1.005397e+04 1.012306e+04 1.012085e+04 1.005175e+04
1.5 1.013525e+04 1.014499e+04 1.013747e+04 1.012773e+04
2.5 1.012829e+04 1.009106e+04 1.009326e+04 1.013049e+04
3.5 1.010217e+04 1.007411e+04 1.008033e+04 1.010838e+04
4.5 1.010320e+04 1.006909e+04 1.008244e+04 1.011655e+04
5.5 1.006698e+04 1.008098e+04 1.008572e+04 1.007172e+04
6.5 1.012730e+04 1.010779e+04 1.010640e+04 1.012591e+04
7.5 1.016672e+04 1.013550e+04 1.013090e+04 1.016213e+04
0.7 1.012730e+04 1.010779e+04 1.010640e+04 1.012591e+04
1.7 1.016672e+04 1.013550e+04 1.013090e+04 1.016213e+04
2.7 1.006841e+04 1.009792e+04 1.009274e+04 1.006322e+04
3.7 1.006834e+04 1.008615e+04 1.008314e+04 1.006533e+04
4.7 1.004514e+04 1.008727e+04 1.008484e+04 1.004272e+04
5.7 1.004608e+04 1.008983e+04 1.008730e+04 1.004356e+04
6.7 1.007145e+04 1.009064e+04 1.008831e+04 1.006913e+04
7.7 1.007035e+04 1.009842e+04 1.009768e+04 1.006961e+04
0.6 1.007035e+04 1.009842e+04 1.009768e+04 1.006961e+04
1.6 1.010216e+04 1.013924e+04 1.013833e+04 1.010125e+04
2.6 1.012807e+04 1.015191e+04 1.014823e+04 1.012439e+04
3.6 1.016123e+04 1.013242e+04 1.012823e+04 1.015704e+04
4.6 1.015798e+04 1.013170e+04 1.012886e+04 1.015514e+04
5.6 1.014858e+04 1.015131e+04 1.014359e+04 1.014086e+04
6.6 1.013136e+04 1.010350e+04 1.010168e+04 1.012954e+04
7.6 1.011992e+04 1.007763e+04 1.008486e+04 1.012714e+04
0.2 1.010216e+04 1.013924e+04 1.013833e+04 1.010125e+04
1.2 1.012807e+04 1.015191e+04 1.014823e+04 1.012439e+04
2.2 1.016123e+04 1.013242e+04 1.012823e+04 1.015704e+04
3.2 1.015798e+04 1.013170e+04 1.012886e+04 1.015514e+04
4.2 1.014858e+04 1.015131e+04 1.014359e+04 1.014086e+04
5.2 1.013136e+04 1.010350e+04 1.010168e+04 1.012954e+04
6.2 1.011992e+04 1.007763e+04 1.008486e+04 1.012714e+04
7.2 1.013623e+04 1.008970e+04 1.008640e+04 1.013292e+04
0.7 1.016123e+04 1.013242e+04 1.012823e+04 1.015704e+04
1.7 1.015798e+04 1.013170e+04 1.012886e+04 1.015514e+04
2.7 1.014858e+04 1.015131e+04 1.014359e+04 1.014086e+04
3.7 1.013136e+04 1.010350e+04 1.010168e+04 1.012954e+04
4.7 1.011992e+04 1.007763e+04 1.008486e+04 1.012714e+04
5.7 1.013623e+04 1.008970e+04 1.008640e+04 1.013292e+04
6.7 1.010969e+04 1.008787e+04 1.009025e+04 1.011207e+04
7.7 1.005380e+04 1.008836e+04 1.009213e+04 1.005757e+04
0.3 1.015798e+04 1.013170e+04 1.012886e+04 1.015514e+04
1.3 1.014858e+04 1.015131e+04 1.014359e+04 1.014086e+04
2.3 1.013136e+04 1.010350e+04 1.010168e+04 1.012954e+04
3.3 1.011992e+04 1.007763e+04 1.008486e+04 1.012714e+04
4.3 1.013623e+04 1.008970e+04 1.008640e+04 1.013292e+04
5.3 1.010969e+04 1.008787e+04 1.009025e+04 1.011207e+04
6.3 1.005380e+04 1.008836e+04 1.009213e+04 1.005757e+04
7.3 1.007775e+04 1.008675e+04 1.009284e+04 1.008383e+04
0.7 1.014397e+04 1.010608e+04 1.011291e+04 1.015081e+04
1.7 1.012374e+04 1.014681e+04 1.013735e+04 1.011428e+04
2.7 1.014270e+04 1.009891e+04 1.009926e+04 1.014304e+04
3.7 1.008535e+04 1.008175e+04 1.008966e+04 1.009326e+04
4.7 1.004649e+04 1.008312e+04 1.009133e+04 1.005471e+04
5.7 1.008609e+04 1.009902e+04 1.009370e+04 1.008077e+04
6.7 1.008842e+04 1.009368e+04 1.009454e+04 1.008928e+04
7.7 1.009643e+04 1.009167e+04 1.009471e+04 1.009947e+04
0.9 1.014377e+04 1.012894e+04 1.012584e+04 1.014067e+04
1.9 1.014313e+04 1.013669e+04 1.013090e+04 1.013734e+04
2.9 1.011946e+04 1.010074e+04 1.009636e+04 1.011509e+04
3.9 1.013935e+04 1.013465e+04 1.013164e+04 1.013634e+04
4.9 1.010315e+04 1.013370e+04 1.012972e+04 1.009917e+04
5.9 1.010824e+04 1.015260e+04 1.014216e+04 1.009780e+04
6.9 1.010088e+04 1.009517e+04 1.009697e+04 1.010268e+04
7.9 1.007430e+04 1.007976e+04 1.008642e+04 1.008097e+04
1.0 1.013935e+04 1.013465e+04 1.013164e+04 1.013634e+04
2.0 1.010315e+04 1.013370e+04 1.012972e+04 1.009917e+04
3.0 1.010824e+04 1.015260e+04 1.014216e+04 1.009780e+04
4.0 1.010088e+04 1.009517e+04 1.009697e+04 1.010268e+04
5.0 1.007430e+04 1.007976e+04 1.008642e+04 1.008097e+04
6.0 1.008441e+04 1.007868e+04 1.008879e+04 1.009453e+04
7.0 1.008455e+04 1.009406e+04 1.009154e+04 1.008203e+04
8.0 1.011030e+04 1.009371e+04 1.009235e+04 1.010894e+04
0.6 1.010315e+04 1.013370e+04 1.012972e+04 1.009917e+04
1.6 1.010824e+04 1.015260e+04 1.014216e+04 1.009780e+04
2.6 1.010088e+04 1.009517e+04 1.009697e+04 1.010268e+04
3.6 1.007430e+04 1.007976e+04 1.008642e+04 1.008097e+04
4.6 1.008441e+04 1.007868e+04 1.008879e+04 1.009453e+04
5.6 1.008455e+04 1.009406e+04 1.009154e+04 1.008203e+04
6.6 1.011030e+04 1.009371e+04 1.009235e+04 1.010894e+04
7.6 1.009109e+04 1.009055e+04 1.009236e+04 1.009290e+04
1.0 1.015240e+04 1.013024e+04 1.013457e+04 1.015672e+04
2.0 1.014187e+04 1.012830e+04 1.012161e+04 1.013519e+04
3.0 1.013102e+04 1.010364e+04 1.009165e+04 1.011903e+04
4.0 1.006483e+04 1.008302e+04 1.008645e+04 1.006826e+04
5.0 1.004517e+04 1.008144e+04 1.008858e+04 1.005231e+04
6.0 1.007371e+04 1.007993e+04 1.009010e+04 1.008388e+04
7.0 1.009472e+04 1.009269e+04 1.009033e+04 1.009235e+04
8.0 1.009001e+04 1.009082e+04 1.009014e+04 1.008932e+04
0.5 1.007529e+04 1.008378e+04 1.009249e+04 1.008400e+04
1.5 1.015389e+04 1.014046e+04 1.014261e+04 1.015604e+04
2.5 1.013254e+04 1.015007e+04 1.014460e+04 1.012707e+04
3.5 1.018453e+04 1.012933e+04 1.012412e+04 1.017932e+04
4.5 1.017891e+04 1.013747e+04 1.013417e+04 1.017561e+04
5.5 1.010833e+04 1.014592e+04 1.014103e+04 1.010344e+04
6.5 1.008094e+04 1.011041e+04 1.010451e+04 1.007504e+04
7.5 1.008169e+04 1.008618e+04 1.008200e+04 1.007751e+04
1.0 1.013254e+04 1.015007e+04 1.014460e+04 1.012707e+04
2.0 1.018453e+04 1.012933e+04 1.012412e+04 1.017932e+04
3.0 1.017891e+04 1.013747e+04 1.013417e+04 1.017561e+04
4.0 1.010833e+04 1.014592e+04 1.014103e+04 1.010344e+04
5.0 1.008094e+04 1.011041e+04 1.010451e+04 1.007504e+04
6.0 1.008169e+04 1.008618e+04 1.008200e+04 1.007751e+04
7.0 1.007709e+04 1.008735e+04 1.008152e+04 1.007126e+04
8.0 1.011031e+04 1.008324e+04 1.008471e+04 1.011178e+04
0.6 1.018453e+04 1.012933e+04 1.012412e+04 1.017932e+04
1.6 1.017891e+04 1.013747e+04 1.013417e+04 1.017561e+04
2.6 1.010833e+04 1.014592e+04 1.014103e+04 1.010344e+04
3.6 1.008094e+04 1.011041e+04 1.010451e+04 1.007504e+04
4.6 1.008169e+04 1.008618e+04 1.008200e+04 1.007751e+04
5.6 1.007709e+04 1.008735e+04 1.008152e+04 1.007126e+04
6.6 1.011031e+04 1.008324e+04 1.008471e+04 1.011178e+04
7.6 1.004472e+04 1.008123e+04 1.008603e+04 1.004952e+04
0.2 1.017891e+04 1.013747e+04 1.013417e+04 1.017561e+04
1.2 1.010833e+04 1.014592e+04 1.014103e+04 1.010344e+04
2.2 1.008094e+04 1.011041e+04 1.010451e+04 1.007504e+04
3.2 1.008169e+04 1.008618e+04 1.008200e+04 1.007751e+04
4.2 1.007709e+04 1.008735e+04 1.008152e+04 1.007126e+04
5.2 1.011031e+04 1.008324e+04 1.008471e+04 1.011178e+04
6.2 1.004472e+04 1.008123e+04 1.008603e+04 1.004952e+04
7.2 1.004782e+04 1.007212e+04 1.008598e+04 1.006167e+04
0.2 1.006456e+04 1.007381e+04 1.008425e+04 1.007501e+04
1.2 1.014445e+04 1.012882e+04 1.013376e+04 1.014939e+04
2.2 1.016500e+04 1.011053e+04 1.010606e+04 1.016054e+04
3.2 1.011996e+04 1.008241e+04 1.008047e+04 1.011802e+04
4.2 1.012958e+04 1.012993e+04 1.012970e+04 1.012935e+04
5.2 1.011072e+04 1.012893e+04 1.012670e+04 1.010849e+04
6.2 1.012309e+04 1.011549e+04 1.011434e+04 1.012195e+04
7.2 1.012977e+04 1.013023e+04 1.012789e+04 1.012743e+04
0.3 1.011996e+04 1.008241e+04 1.008047e+04 1.011802e+04
1.3 1.012958e+04 1.012993e+04 1.012970e+04 1.012935e+04
2.3 1.011072e+04 1.012893e+04 1.012670e+04 1.010849e+04
3.3 1.012309e+04 1.011549e+04 1.011434e+04 1.012195e+04
4.3 1.012977e+04 1.013023e+04 1.012789e+04 1.012743e+04
0.9 1.011072e+04 1.012893e+04 1.012670e+04 1.010849e+04
1.9 1.012309e+04 1.011549e+04 1.011434e+04 1.012195e+04
2.9 1.012977e+04 1.013023e+04 1.012789e+04 1.012743e+04
0.5 1.012309e+04 1.011549e+04 1.011434e+04 1.012195e+04
1.5 1.012977e+04 1.013023e+04 1.012789e+04 1.012743e+04
