0.5 9.970604e+03 1.002822e+04 1.003232e+04 9.974705e+03
1.5 1.009187e+04 1.006190e+04 1.004784e+04 1.007780e+04
2.5 1.006222e+04 1.006975e+04 1.006896e+04 1.006143e+04
3.5 1.005233e+04 1.003853e+04 1.003962e+04 1.005342e+04
4.5 1.003208e+04 1.006422e+04 1.005071e+04 1.001856e+04
5.5 1.003958e+04 1.006360e+04 1.006256e+04 1.003854e+04
6.5 1.003890e+04 1.004386e+04 1.003946e+04 1.003450e+04
7.5 1.010077e+04 1.006908e+04 1.005526e+04 1.008695e+04
0.6 1.005233e+04 1.003853e+04 1.003962e+04 1.005342e+04
1.6 1.003208e+04 1.006422e+04 1.005071e+04 1.001856e+04
2.6 1.003958e+04 1.006360e+04 1.006256e+04 1.003854e+04
3.6 1.003890e+04 1.004386e+04 1.003946e+04 1.003450e+04
4.6 1.010077e+04 1.006908e+04 1.005526e+04 1.008695e+04
5.6 1.014061e+04 1.007562e+04 1.006769e+04 1.013268e+04
6.6 1.010249e+04 1.004375e+04 1.005399e+04 1.011273e+04
7.6 1.004423e+04 1.002598e+04 1.004993e+04 1.006818e+04
0.7 1.003890e+04 1.004386e+04 1.003946e+04 1.003450e+04
1.7 1.010077e+04 1.006908e+04 1.005526e+04 1.008695e+04
2.7 1.014061e+04 1.007562e+04 1.006769e+04 1.013268e+04
3.7 1.010249e+04 1.004375e+04 1.005399e+04 1.011273e+04
4.7 1.004423e+04 1.002598e+04 1.004993e+04 1.006818e+04
5.7 1.004808e+04 1.002811e+04 1.003473e+04 1.005470e+04
6.7 1.003905e+04 1.006123e+04 1.004008e+04 1.001790e+04
7.7 1.006092e+04 1.008739e+04 1.006674e+04 1.004027e+04
1.0 1.003905e+04 1.006123e+04 1.004008e+04 1.001790e+04
2.0 1.006092e+04 1.008739e+04 1.006674e+04 1.004027e+04
3.0 1.003007e+04 1.004296e+04 1.006400e+04 1.005111e+04
4.0 1.005113e+04 1.004465e+04 1.005233e+04 1.005880e+04
5.0 1.002045e+04 1.005199e+04 1.004989e+04 1.001835e+04
6.0 1.001424e+04 1.004225e+04 1.005059e+04 1.002258e+04
7.0 1.010645e+04 1.002698e+04 1.005122e+04 1.013069e+04
8.0 1.003957e+04 1.002925e+04 1.005141e+04 1.006174e+04
1.0 1.005130e+04 1.004456e+04 1.003731e+04 1.004405e+04
2.0 1.007264e+04 1.007037e+04 1.004901e+04 1.005128e+04
3.0 1.004137e+04 1.009120e+04 1.006430e+04 1.001447e+04
4.0 1.014155e+04 1.008483e+04 1.007208e+04 1.012880e+04
5.0 1.005088e+04 1.005660e+04 1.005456e+04 1.004884e+04
6.0 1.001094e+04 1.002871e+04 1.004971e+04 1.003195e+04
7.0 9.990684e+03 1.004416e+04 1.005030e+04 9.996826e+03
8.0 1.006333e+04 1.005790e+04 1.005133e+04 1.005676e+04
0.6 1.007264e+04 1.007037e+04 1.004901e+04 1.005128e+04
1.6 1.004137e+04 1.009120e+04 1.006430e+04 1.001447e+04
2.6 1.014155e+04 1.008483e+04 1.007208e+04 1.012880e+04
3.6 1.005088e+04 1.005660e+04 1.005456e+04 1.004884e+04
4.6 1.001094e+04 1.002871e+04 1.004971e+04 1.003195e+04
5.6 9.990684e+03 1.004416e+04 1.005030e+04 9.996826e+03
6.6 1.006333e+04 1.005790e+04 1.005133e+04 1.005676e+04
7.6 1.004663e+04 1.005958e+04 1.005173e+04 1.003879e+04
0.9 1.008887e+04 1.003511e+04 1.003854e+04 1.009230e+04
1.9 1.005746e+04 1.007767e+04 1.006256e+04 1.004235e+04
2.9 9.994657e+03 1.005757e+04 1.005155e+04 9.988638e+03
3.9 1.003199e+04 1.005571e+04 1.003957e+04 1.001585e+04
4.9 1.008271e+04 1.006166e+04 1.004786e+04 1.006891e+04
5.9 1.003041e+04 1.006263e+04 1.004525e+04 1.001303e+04
6.9 1.011170e+04 1.008573e+04 1.006335e+04 1.008932e+04
7.9 1.011831e+04 1.007673e+04 1.007331e+04 1.011489e+04
1.0 1.003199e+04 1.005571e+04 1.003957e+04 1.001585e+04
2.0 1.008271e+04 1.006166e+04 1.004786e+04 1.006891e+04
3.0 1.003041e+04 1.006263e+04 1.004525e+04 1.001303e+04
4.0 1.011170e+04 1.008573e+04 1.006335e+04 1.008932e+04
5.0 1.011831e+04 1.007673e+04 1.007331e+04 1.011489e+04
6.0 1.003685e+04 1.001242e+04 1.004035e+04 1.006478e+04
7.0 1.006322e+04 1.003684e+04 1.003249e+04 1.005887e+04
8.0 1.013011e+04 1.007322e+04 1.005676e+04 1.011364e+04
0.6 1.008271e+04 1.006166e+04 1.004786e+04 1.006891e+04
1.6 1.003041e+04 1.006263e+04 1.004525e+04 1.001303e+04
2.6 1.011170e+04 1.008573e+04 1.006335e+04 1.008932e+04
3.6 1.011831e+04 1.007673e+04 1.007331e+04 1.011489e+04
4.6 1.003685e+04 1.001242e+04 1.004035e+04 1.006478e+04
5.6 1.006322e+04 1.003684e+04 1.003249e+04 1.005887e+04
6.6 1.013011e+04 1.007322e+04 1.005676e+04 1.011364e+04
7.6 1.006928e+04 1.008247e+04 1.006936e+04 1.005618e+04
0.2 1.003041e+04 1.006263e+04 1.004525e+04 1.001303e+04
1.2 1.011170e+04 1.008573e+04 1.006335e+04 1.008932e+04
2.2 1.011831e+04 1.007673e+04 1.007331e+04 1.011489e+04
3.2 1.003685e+04 1.001242e+04 1.004035e+04 1.006478e+04
4.2 1.006322e+04 1.003684e+04 1.003249e+04 1.005887e+04
5.2 1.013011e+04 1.007322e+04 1.005676e+04 1.011364e+04
6.2 1.006928e+04 1.008247e+04 1.006936e+04 1.005618e+04
7.2 1.000508e+04 1.004998e+04 1.005055e+04 1.000565e+04
0.3 1.003685e+04 1.001242e+04 1.004035e+04 1.006478e+04
1.3 1.006322e+04 1.003684e+04 1.003249e+04 1.005887e+04
2.3 1.013011e+04 1.007322e+04 1.005676e+04 1.011364e+04
3.3 1.006928e+04 1.008247e+04 1.006936e+04 1.005618e+04
4.3 1.000508e+04 1.004998e+04 1.005055e+04 1.000565e+04
5.3 1.002808e+04 1.004949e+04 1.003768e+04 1.001627e+04
6.3 1.006209e+04 1.005832e+04 1.004684e+04 1.005061e+04
7.3 1.011295e+04 1.007902e+04 1.006306e+04 1.009700e+04
0.9 1.013011e+04 1.007322e+04 1.005676e+04 1.011364e+04
1.9 1.006928e+04 1.008247e+04 1.006936e+04 1.005618e+04
2.9 1.000508e+04 1.004998e+04 1.005055e+04 1.000565e+04
3.9 1.002808e+04 1.004949e+04 1.003768e+04 1.001627e+04
4.9 1.006209e+04 1.005832e+04 1.004684e+04 1.005061e+04
5.9 1.011295e+04 1.007902e+04 1.006306e+04 1.009700e+04
6.9 1.007274e+04 1.007204e+04 1.007160e+04 1.007230e+04
7.9 1.003541e+04 1.005124e+04 1.005429e+04 1.003846e+04
1.0 1.002808e+04 1.004949e+04 1.003768e+04 1.001627e+04
2.0 1.006209e+04 1.005832e+04 1.004684e+04 1.005061e+04
3.0 1.011295e+04 1.007902e+04 1.006306e+04 1.009700e+04
4.0 1.007274e+04 1.007204e+04 1.007160e+04 1.007230e+04
5.0 1.003541e+04 1.005124e+04 1.005429e+04 1.003846e+04
6.0 1.002760e+04 1.004739e+04 1.004946e+04 1.002967e+04
7.0 1.008198e+04 1.005491e+04 1.005004e+04 1.007711e+04
8.0 1.004177e+04 1.004059e+04 1.005105e+04 1.005222e+04
0.6 1.006209e+04 1.005832e+04 1.004684e+04 1.005061e+04
1.6 1.011295e+04 1.007902e+04 1.006306e+04 1.009700e+04
2.6 1.007274e+04 1.007204e+04 1.007160e+04 1.007230e+04
3.6 1.003541e+04 1.005124e+04 1.005429e+04 1.003846e+04
4.6 1.002760e+04 1.004739e+04 1.004946e+04 1.002967e+04
5.6 1.008198e+04 1.005491e+04 1.005004e+04 1.007711e+04
6.6 1.004177e+04 1.004059e+04 1.005105e+04 1.005222e+04
7.6 1.003544e+04 1.002618e+04 1.005141e+04 1.006067e+04
0.2 9.947565e+03 1.000148e+04 1.003322e+04 9.979302e+03
1.2 1.002955e+04 1.004128e+04 1.003589e+04 1.002416e+04
2.2 1.001718e+04 1.007171e+04 1.005453e+04 1.000000e+04
3.2 1.011252e+04 1.008499e+04 1.006690e+04 1.009443e+04
4.2 1.012334e+04 1.005978e+04 1.005778e+04 1.012134e+04
5.2 1.006742e+04 1.004817e+04 1.003867e+04 1.005792e+04
6.2 1.004614e+04 1.005380e+04 1.004072e+04 1.003305e+04
7.2 1.009873e+04 1.008913e+04 1.006164e+04 1.007123e+04
0.7 1.001718e+04 1.007171e+04 1.005453e+04 1.000000e+04
1.7 1.011252e+04 1.008499e+04 1.006690e+04 1.009443e+04
2.7 1.012334e+04 1.005978e+04 1.005778e+04 1.012134e+04
3.7 1.006742e+04 1.004817e+04 1.003867e+04 1.005792e+04
4.7 1.004614e+04 1.005380e+04 1.004072e+04 1.003305e+04
5.7 1.009873e+04 1.008913e+04 1.006164e+04 1.007123e+04
6.7 1.005333e+04 1.006020e+04 1.007367e+04 1.006680e+04
7.7 1.004829e+04 1.003115e+04 1.005600e+04 1.007314e+04
0.9 1.006742e+04 1.004817e+04 1.003867e+04 1.005792e+04
1.9 1.004614e+04 1.005380e+04 1.004072e+04 1.003305e+04
2.9 1.009873e+04 1.008913e+04 1.006164e+04 1.007123e+04
3.9 1.005333e+04 1.006020e+04 1.007367e+04 1.006680e+04
4.9 1.004829e+04 1.003115e+04 1.005600e+04 1.007314e+04
5.9 1.001635e+04 1.002444e+04 1.003130e+04 1.002322e+04
6.9 1.011778e+04 1.005454e+04 1.003413e+04 1.009737e+04
7.9 1.000996e+04 1.007224e+04 1.005381e+04 9.991532e+03
0.5 1.004614e+04 1.005380e+04 1.004072e+04 1.003305e+04
1.5 1.009873e+04 1.008913e+04 1.006164e+04 1.007123e+04
2.5 1.005333e+04 1.006020e+04 1.007367e+04 1.006680e+04
3.5 1.004829e+04 1.003115e+04 1.005600e+04 1.007314e+04
4.5 1.001635e+04 1.002444e+04 1.003130e+04 1.002322e+04
5.5 1.011778e+04 1.005454e+04 1.003413e+04 1.009737e+04
6.5 1.000996e+04 1.007224e+04 1.005381e+04 9.991532e+03
7.5 1.007595e+04 1.008376e+04 1.006659e+04 1.005879e+04
0.2 1.001635e+04 1.002444e+04 1.003130e+04 1.002322e+04
1.2 1.011778e+04 1.005454e+04 1.003413e+04 1.009737e+04
2.2 1.000996e+04 1.007224e+04 1.005381e+04 9.991532e+03
3.2 1.007595e+04 1.008376e+04 1.006659e+04 1.005879e+04
4.2 1.004212e+04 1.006005e+04 1.005755e+04 1.003962e+04
5.2 1.003426e+04 1.005093e+04 1.003941e+04 1.002274e+04
6.2 1.007698e+04 1.008237e+04 1.005983e+04 1.005444e+04
7.2 1.006169e+04 1.005020e+04 1.006517e+04 1.007666e+04
0.7 1.000996e+04 1.007224e+04 1.005381e+04 9.991532e+03
1.7 1.007595e+04 1.008376e+04 1.006659e+04 1.005879e+04
2.7 1.004212e+04 1.006005e+04 1.005755e+04 1.003962e+04
3.7 1.003426e+04 1.005093e+04 1.003941e+04 1.002274e+04
4.7 1.007698e+04 1.008237e+04 1.005983e+04 1.005444e+04
5.7 1.006169e+04 1.005020e+04 1.006517e+04 1.007666e+04
6.7 1.000125e+04 1.002165e+04 1.005279e+04 1.003239e+04
7.7 1.001125e+04 1.003184e+04 1.004972e+04 1.002913e+04
0.9 1.003426e+04 1.005093e+04 1.003941e+04 1.002274e+04
1.9 1.007698e+04 1.008237e+04 1.005983e+04 1.005444e+04
2.9 1.006169e+04 1.005020e+04 1.006517e+04 1.007666e+04
3.9 1.000125e+04 1.002165e+04 1.005279e+04 1.003239e+04
4.9 1.001125e+04 1.003184e+04 1.004972e+04 1.002913e+04
5.9 9.966344e+03 1.003297e+04 1.005028e+04 9.983657e+03
6.9 1.007872e+04 1.002177e+04 1.005097e+04 1.010792e+04
7.9 1.004591e+04 1.003611e+04 1.005118e+04 1.006098e+04
0.9 1.002975e+04 1.005539e+04 1.003679e+04 1.001116e+04
1.9 1.015967e+04 1.006261e+04 1.004243e+04 1.013949e+04
2.9 1.001091e+04 1.008815e+04 1.006255e+04 9.985299e+03
3.9 1.003924e+04 1.007991e+04 1.007041e+04 1.002974e+04
4.9 1.001721e+04 1.004584e+04 1.003773e+04 1.000911e+04
5.9 1.004139e+04 1.008185e+04 1.004934e+04 1.000887e+04
6.9 1.004439e+04 1.005744e+04 1.006893e+04 1.005588e+04
7.9 1.001549e+04 1.004041e+04 1.005485e+04 1.002993e+04
0.5 1.015967e+04 1.006261e+04 1.004243e+04 1.013949e+04
1.5 1.001091e+04 1.008815e+04 1.006255e+04 9.985299e+03
2.5 1.003924e+04 1.007991e+04 1.007041e+04 1.002974e+04
3.5 1.001721e+04 1.004584e+04 1.003773e+04 1.000911e+04
4.5 1.004139e+04 1.008185e+04 1.004934e+04 1.000887e+04
5.5 1.004439e+04 1.005744e+04 1.006893e+04 1.005588e+04
6.5 1.001549e+04 1.004041e+04 1.005485e+04 1.002993e+04
7.5 1.011986e+04 1.006365e+04 1.004968e+04 1.010589e+04
0.6 1.001721e+04 1.004584e+04 1.003773e+04 1.000911e+04
1.6 1.004139e+04 1.008185e+04 1.004934e+04 1.000887e+04
2.6 1.004439e+04 1.005744e+04 1.006893e+04 1.005588e+04
3.6 1.001549e+04 1.004041e+04 1.005485e+04 1.002993e+04
4.6 1.011986e+04 1.006365e+04 1.004968e+04 1.010589e+04
5.6 1.007978e+04 1.004286e+04 1.004966e+04 1.008659e+04
6.6 1.005188e+04 1.003448e+04 1.005043e+04 1.006783e+04
7.6 1.003684e+04 1.004474e+04 1.005068e+04 1.004277e+04
