0.9 9.316174e+03 9.266215e+03 9.276534e+03 9.326494e+03
1.9 9.300814e+03 9.249775e+03 9.247633e+03 9.298673e+03
2.9 9.230519e+03 9.222817e+03 9.242890e+03 9.250592e+03
3.9 9.323804e+03 9.309747e+03 9.262972e+03 9.277029e+03
4.9 9.233882e+03 9.294757e+03 9.284557e+03 9.223682e+03
5.9 9.204022e+03 9.268378e+03 9.261541e+03 9.197185e+03
6.9 9.214265e+03 9.208090e+03 9.246655e+03 9.252831e+03
7.9 9.244721e+03 9.251013e+03 9.275240e+03 9.268947e+03
0.6 9.233882e+03 9.294757e+03 9.284557e+03 9.223682e+03
1.6 9.204022e+03 9.268378e+03 9.261541e+03 9.197185e+03
2.6 9.214265e+03 9.208090e+03 9.246655e+03 9.252831e+03
3.6 9.244721e+03 9.251013e+03 9.275240e+03 9.268947e+03
4.6 9.207879e+03 9.287551e+03 9.279620e+03 9.199947e+03
5.6 9.335521e+03 9.291137e+03 9.262513e+03 9.306897e+03
6.6 9.259459e+03 9.263292e+03 9.250377e+03 9.246544e+03
7.6 9.198344e+03 9.263761e+03 9.263803e+03 9.198386e+03
0.7 9.244721e+03 9.251013e+03 9.275240e+03 9.268947e+03
1.7 9.207879e+03 9.287551e+03 9.279620e+03 9.199947e+03
2.7 9.335521e+03 9.291137e+03 9.262513e+03 9.306897e+03
3.7 9.259459e+03 9.263292e+03 9.250377e+03 9.246544e+03
4.7 9.198344e+03 9.263761e+03 9.263803e+03 9.198386e+03
5.7 9.276222e+03 9.283584e+03 9.249048e+03 9.241685e+03
6.7 9.331563e+03 9.297709e+03 9.236855e+03 9.270710e+03
7.7 9.306113e+03 9.284762e+03 9.257369e+03 9.278721e+03
0.3 9.207879e+03 9.287551e+03 9.279620e+03 9.199947e+03
1.3 9.335521e+03 9.291137e+03 9.262513e+03 9.306897e+03
2.3 9.259459e+03 9.263292e+03 9.250377e+03 9.246544e+03
3.3 9.198344e+03 9.263761e+03 9.263803e+03 9.198386e+03
4.3 9.276222e+03 9.283584e+03 9.249048e+03 9.241685e+03
5.3 9.331563e+03 9.297709e+03 9.236855e+03 9.270710e+03
6.3 9.306113e+03 9.284762e+03 9.257369e+03 9.278721e+03
7.3 9.290045e+03 9.299363e+03 9.264438e+03 9.255120e+03
0.9 9.259459e+03 9.263292e+03 9.250377e+03 9.246544e+03
1.9 9.198344e+03 9.263761e+03 9.263803e+03 9.198386e+03
2.9 9.276222e+03 9.283584e+03 9.249048e+03 9.241685e+03
3.9 9.331563e+03 9.297709e+03 9.236855e+03 9.270710e+03
4.9 9.306113e+03 9.284762e+03 9.257369e+03 9.278721e+03
5.9 9.290045e+03 9.299363e+03 9.264438e+03 9.255120e+03
6.9 9.265350e+03 9.218517e+03 9.272518e+03 9.319350e+03
7.9 9.240570e+03 9.248815e+03 9.281462e+03 9.273217e+03
0.5 9.198344e+03 9.263761e+03 9.263803e+03 9.198386e+03
1.5 9.276222e+03 9.283584e+03 9.249048e+03 9.241685e+03
2.5 9.331563e+03 9.297709e+03 9.236855e+03 9.270710e+03
3.5 9.306113e+03 9.284762e+03 9.257369e+03 9.278721e+03
4.5 9.290045e+03 9.299363e+03 9.264438e+03 9.255120e+03
5.5 9.265350e+03 9.218517e+03 9.272518e+03 9.319350e+03
6.5 9.240570e+03 9.248815e+03 9.281462e+03 9.273217e+03
7.5 9.304553e+03 9.260476e+03 9.255261e+03 9.299337e+03
0.7 9.240570e+03 9.248815e+03 9.281462e+03 9.273217e+03
1.7 9.304553e+03 9.260476e+03 9.255261e+03 9.299337e+03
2.7 9.160341e+03 9.205781e+03 9.240973e+03 9.195533e+03
3.7 9.249644e+03 9.212501e+03 9.258604e+03 9.295746e+03
4.7 9.291486e+03 9.219120e+03 9.263859e+03 9.336226e+03
5.7 9.165372e+03 9.220885e+03 9.263513e+03 9.208000e+03
6.7 9.159973e+03 9.224220e+03 9.266520e+03 9.202272e+03
7.7 9.293752e+03 9.251469e+03 9.283727e+03 9.326010e+03
0.6 9.293752e+03 9.251469e+03 9.283727e+03 9.326010e+03
1.6 9.267696e+03 9.297790e+03 9.283266e+03 9.253172e+03
2.6 9.279670e+03 9.281592e+03 9.256526e+03 9.254604e+03
3.6 9.344668e+03 9.253264e+03 9.252807e+03 9.344211e+03
4.6 9.258278e+03 9.268088e+03 9.268008e+03 9.258198e+03
5.6 9.279405e+03 9.276402e+03 9.249122e+03 9.252125e+03
6.6 9.319259e+03 9.273665e+03 9.236018e+03 9.281612e+03
7.6 9.336396e+03 9.258780e+03 9.255338e+03 9.332953e+03
0.2 9.267696e+03 9.297790e+03 9.283266e+03 9.253172e+03
1.2 9.279670e+03 9.281592e+03 9.256526e+03 9.254604e+03
2.2 9.344668e+03 9.253264e+03 9.252807e+03 9.344211e+03
3.2 9.258278e+03 9.268088e+03 9.268008e+03 9.258198e+03
4.2 9.279405e+03 9.276402e+03 9.249122e+03 9.252125e+03
5.2 9.319259e+03 9.273665e+03 9.236018e+03 9.281612e+03
6.2 9.336396e+03 9.258780e+03 9.255338e+03 9.332953e+03
7.2 9.285879e+03 9.215012e+03 9.264370e+03 9.335237e+03
0.7 9.344668e+03 9.253264e+03 9.252807e+03 9.344211e+03
1.7 9.258278e+03 9.268088e+03 9.268008e+03 9.258198e+03
2.7 9.279405e+03 9.276402e+03 9.249122e+03 9.252125e+03
3.7 9.319259e+03 9.273665e+03 9.236018e+03 9.281612e+03
4.7 9.336396e+03 9.258780e+03 9.255338e+03 9.332953e+03
5.7 9.285879e+03 9.215012e+03 9.264370e+03 9.335237e+03
6.7 9.241455e+03 9.296312e+03 9.264455e+03 9.209598e+03
7.7 9.241132e+03 9.285045e+03 9.263042e+03 9.219129e+03
0.3 9.258278e+03 9.268088e+03 9.268008e+03 9.258198e+03
1.3 9.279405e+03 9.276402e+03 9.249122e+03 9.252125e+03
2.3 9.319259e+03 9.273665e+03 9.236018e+03 9.281612e+03
3.3 9.336396e+03 9.258780e+03 9.255338e+03 9.332953e+03
4.3 9.285879e+03 9.215012e+03 9.264370e+03 9.335237e+03
5.3 9.241455e+03 9.296312e+03 9.264455e+03 9.209598e+03
6.3 9.241132e+03 9.285045e+03 9.263042e+03 9.219129e+03
7.3 9.366289e+03 9.310508e+03 9.262379e+03 9.318160e+03
0.7 9.308275e+03 9.264949e+03 9.280882e+03 9.324208e+03
1.7 9.234377e+03 9.258037e+03 9.255152e+03 9.231491e+03
2.7 9.238869e+03 9.305512e+03 9.240896e+03 9.174253e+03
3.7 9.196955e+03 9.286802e+03 9.258480e+03 9.168633e+03
4.7 9.304362e+03 9.256660e+03 9.263692e+03 9.311394e+03
5.7 9.194543e+03 9.210993e+03 9.263288e+03 9.246838e+03
6.7 9.252077e+03 9.294647e+03 9.262311e+03 9.219741e+03
7.7 9.348246e+03 9.285171e+03 9.261949e+03 9.325024e+03
0.9 9.391221e+03 9.267758e+03 9.277325e+03 9.400787e+03
1.9 9.150322e+03 9.244916e+03 9.248331e+03 9.153738e+03
2.9 9.198335e+03 9.218247e+03 9.262161e+03 9.242248e+03
3.9 9.293394e+03 9.273458e+03 9.275848e+03 9.295784e+03
4.9 9.275117e+03 9.261280e+03 9.265876e+03 9.279714e+03
5.9 9.247427e+03 9.274359e+03 9.246702e+03 9.219770e+03
6.9 9.322398e+03 9.303170e+03 9.237405e+03 9.256634e+03
7.9 9.264054e+03 9.279914e+03 9.258427e+03 9.242566e+03
1.0 9.293394e+03 9.273458e+03 9.275848e+03 9.295784e+03
2.0 9.275117e+03 9.261280e+03 9.265876e+03 9.279714e+03
3.0 9.247427e+03 9.274359e+03 9.246702e+03 9.219770e+03
4.0 9.322398e+03 9.303170e+03 9.237405e+03 9.256634e+03
5.0 9.264054e+03 9.279914e+03 9.258427e+03 9.242566e+03
6.0 9.180407e+03 9.275069e+03 9.264209e+03 9.169547e+03
7.0 9.172898e+03 9.209047e+03 9.263479e+03 9.227330e+03
8.0 9.265740e+03 9.272570e+03 9.262265e+03 9.255435e+03
0.6 9.275117e+03 9.261280e+03 9.265876e+03 9.279714e+03
1.6 9.247427e+03 9.274359e+03 9.246702e+03 9.219770e+03
2.6 9.322398e+03 9.303170e+03 9.237405e+03 9.256634e+03
3.6 9.264054e+03 9.279914e+03 9.258427e+03 9.242566e+03
4.6 9.180407e+03 9.275069e+03 9.264209e+03 9.169547e+03
5.6 9.172898e+03 9.209047e+03 9.263479e+03 9.227330e+03
6.6 9.265740e+03 9.272570e+03 9.262265e+03 9.255435e+03
7.6 9.257287e+03 9.290505e+03 9.261831e+03 9.228613e+03
1.0 9.278072e+03 9.268763e+03 9.274078e+03 9.283388e+03
2.0 9.194585e+03 9.212735e+03 9.242604e+03 9.224453e+03
3.0 9.243581e+03 9.208750e+03 9.246514e+03 9.281344e+03
4.0 9.344117e+03 9.314154e+03 9.260661e+03 9.290624e+03
5.0 9.338311e+03 9.289406e+03 9.263567e+03 9.312472e+03
6.0 9.317252e+03 9.277496e+03 9.262710e+03 9.302466e+03
7.0 9.186726e+03 9.209017e+03 9.261958e+03 9.239667e+03
8.0 9.364805e+03 9.273135e+03 9.262891e+03 9.354561e+03
0.5 9.274131e+03 9.294295e+03 9.284893e+03 9.264729e+03
1.5 9.295396e+03 9.288522e+03 9.283878e+03 9.290753e+03
2.5 9.309414e+03 9.260662e+03 9.252909e+03 9.301661e+03
3.5 9.251769e+03 9.248243e+03 9.256790e+03 9.260315e+03
4.5 9.274350e+03 9.275890e+03 9.268600e+03 9.267060e+03
5.5 9.230548e+03 9.264743e+03 9.248079e+03 9.213884e+03
6.5 9.130683e+03 9.210395e+03 9.235833e+03 9.156122e+03
7.5 9.227641e+03 9.200954e+03 9.252010e+03 9.278697e+03
1.0 9.309414e+03 9.260662e+03 9.252909e+03 9.301661e+03
2.0 9.251769e+03 9.248243e+03 9.256790e+03 9.260315e+03
3.0 9.274350e+03 9.275890e+03 9.268600e+03 9.267060e+03
4.0 9.230548e+03 9.264743e+03 9.248079e+03 9.213884e+03
5.0 9.130683e+03 9.210395e+03 9.235833e+03 9.156122e+03
6.0 9.227641e+03 9.200954e+03 9.252010e+03 9.278697e+03
7.0 9.187556e+03 9.223579e+03 9.263280e+03 9.227257e+03
8.0 9.315252e+03 9.290648e+03 9.264014e+03 9.288618e+03
0.6 9.251769e+03 9.248243e+03 9.256790e+03 9.260315e+03
1.6 9.274350e+03 9.275890e+03 9.268600e+03 9.267060e+03
2.6 9.230548e+03 9.264743e+03 9.248079e+03 9.213884e+03
3.6 9.130683e+03 9.210395e+03 9.235833e+03 9.156122e+03
4.6 9.227641e+03 9.200954e+03 9.252010e+03 9.278697e+03
5.6 9.187556e+03 9.223579e+03 9.263280e+03 9.227257e+03
6.6 9.315252e+03 9.290648e+03 9.264014e+03 9.288618e+03
7.6 9.249015e+03 9.300843e+03 9.262570e+03 9.210741e+03
0.2 9.274350e+03 9.275890e+03 9.268600e+03 9.267060e+03
1.2 9.230548e+03 9.264743e+03 9.248079e+03 9.213884e+03
2.2 9.130683e+03 9.210395e+03 9.235833e+03 9.156122e+03
3.2 9.227641e+03 9.200954e+03 9.252010e+03 9.278697e+03
4.2 9.187556e+03 9.223579e+03 9.263280e+03 9.227257e+03
5.2 9.315252e+03 9.290648e+03 9.264014e+03 9.288618e+03
6.2 9.249015e+03 9.300843e+03 9.262570e+03 9.210741e+03
7.2 9.359191e+03 9.311587e+03 9.261787e+03 9.309392e+03
0.2 9.310899e+03 9.327042e+03 9.283444e+03 9.267302e+03
1.2 9.369630e+03 9.285025e+03 9.270751e+03 9.355356e+03
2.2 9.173377e+03 9.213267e+03 9.238325e+03 9.198435e+03
3.2 9.251373e+03 9.225709e+03 9.272465e+03 9.298129e+03
4.2 9.239578e+03 9.298803e+03 9.281517e+03 9.222292e+03
5.2 9.308891e+03 9.271071e+03 9.254591e+03 9.292411e+03
6.2 9.260440e+03 9.265996e+03 9.262054e+03 9.256499e+03
7.2 9.266548e+03 9.269035e+03 9.246951e+03 9.244464e+03
0.3 9.251373e+03 9.225709e+03 9.272465e+03 9.298129e+03
1.3 9.239578e+03 9.298803e+03 9.281517e+03 9.222292e+03
2.3 9.308891e+03 9.271071e+03 9.254591e+03 9.292411e+03
3.3 9.260440e+03 9.265996e+03 9.262054e+03 9.256499e+03
4.3 9.266548e+03 9.269035e+03 9.246951e+03 9.244464e+03
0.9 9.308891e+03 9.271071e+03 9.254591e+03 9.292411e+03
1.9 9.260440e+03 9.265996e+03 9.262054e+03 9.256499e+03
2.9 9.266548e+03 9.269035e+03 9.246951e+03 9.244464e+03
0.5 9.260440e+03 9.265996e+03 9.262054e+03 9.256499e+03
1.5 9.266548e+03 9.269035e+03 9.246951e+03 9.244464e+03
