0.9 8.248327e+03 8.304071e+03 8.343918e+03 8.288174e+03
1.9 8.348293e+03 8.283501e+03 8.359303e+03 8.424095e+03
2.9 8.224954e+03 8.168668e+03 8.229755e+03 8.286042e+03
3.9 8.364235e+03 8.325155e+03 8.200353e+03 8.239433e+03
4.9 8.246201e+03 8.329537e+03 8.237845e+03 8.154510e+03
5.9 8.499697e+03 8.340881e+03 8.390675e+03 8.549491e+03
6.9 8.021314e+03 8.160706e+03 8.241385e+03 8.101992e+03
7.9 8.195264e+03 8.240609e+03 8.263718e+03 8.218372e+03
0.6 8.246201e+03 8.329537e+03 8.237845e+03 8.154510e+03
1.6 8.499697e+03 8.340881e+03 8.390675e+03 8.549491e+03
2.6 8.021314e+03 8.160706e+03 8.241385e+03 8.101992e+03
3.6 8.195264e+03 8.240609e+03 8.263718e+03 8.218372e+03
4.6 8.260898e+03 8.345184e+03 8.354688e+03 8.270402e+03
5.6 8.293709e+03 8.382085e+03 8.417259e+03 8.328883e+03
6.6 8.300381e+03 8.313395e+03 8.367412e+03 8.354397e+03
7.6 8.261014e+03 8.294418e+03 8.326395e+03 8.292991e+03
0.7 8.195264e+03 8.240609e+03 8.263718e+03 8.218372e+03
1.7 8.260898e+03 8.345184e+03 8.354688e+03 8.270402e+03
2.7 8.293709e+03 8.382085e+03 8.417259e+03 8.328883e+03
3.7 8.300381e+03 8.313395e+03 8.367412e+03 8.354397e+03
4.7 8.261014e+03 8.294418e+03 8.326395e+03 8.292991e+03
5.7 8.449769e+03 8.345430e+03 8.387382e+03 8.491720e+03
6.7 8.464874e+03 8.317066e+03 8.225178e+03 8.372986e+03
7.7 8.287478e+03 8.278819e+03 8.177717e+03 8.186376e+03
0.3 8.260898e+03 8.345184e+03 8.354688e+03 8.270402e+03
1.3 8.293709e+03 8.382085e+03 8.417259e+03 8.328883e+03
2.3 8.300381e+03 8.313395e+03 8.367412e+03 8.354397e+03
3.3 8.261014e+03 8.294418e+03 8.326395e+03 8.292991e+03
4.3 8.449769e+03 8.345430e+03 8.387382e+03 8.491720e+03
5.3 8.464874e+03 8.317066e+03 8.225178e+03 8.372986e+03
6.3 8.287478e+03 8.278819e+03 8.177717e+03 8.186376e+03
7.3 8.407391e+03 8.322983e+03 8.185460e+03 8.269868e+03
0.9 8.300381e+03 8.313395e+03 8.367412e+03 8.354397e+03
1.9 8.261014e+03 8.294418e+03 8.326395e+03 8.292991e+03
2.9 8.449769e+03 8.345430e+03 8.387382e+03 8.491720e+03
3.9 8.464874e+03 8.317066e+03 8.225178e+03 8.372986e+03
4.9 8.287478e+03 8.278819e+03 8.177717e+03 8.186376e+03
5.9 8.407391e+03 8.322983e+03 8.185460e+03 8.269868e+03
6.9 8.053537e+03 8.175472e+03 8.197501e+03 8.075566e+03
7.9 8.343040e+03 8.242568e+03 8.273379e+03 8.373851e+03
0.5 8.261014e+03 8.294418e+03 8.326395e+03 8.292991e+03
1.5 8.449769e+03 8.345430e+03 8.387382e+03 8.491720e+03
2.5 8.464874e+03 8.317066e+03 8.225178e+03 8.372986e+03
3.5 8.287478e+03 8.278819e+03 8.177717e+03 8.186376e+03
4.5 8.407391e+03 8.322983e+03 8.185460e+03 8.269868e+03
5.5 8.053537e+03 8.175472e+03 8.197501e+03 8.075566e+03
6.5 8.343040e+03 8.242568e+03 8.273379e+03 8.373851e+03
7.5 8.420939e+03 8.303052e+03 8.363295e+03 8.481182e+03
0.7 8.343040e+03 8.242568e+03 8.273379e+03 8.373851e+03
1.7 8.420939e+03 8.303052e+03 8.363295e+03 8.481182e+03
2.7 8.065043e+03 8.149255e+03 8.223259e+03 8.139047e+03
3.7 8.131596e+03 8.144183e+03 8.188036e+03 8.175449e+03
4.7 8.262325e+03 8.158051e+03 8.194284e+03 8.298558e+03
5.7 7.989436e+03 8.165115e+03 8.203315e+03 8.027636e+03
6.7 8.156683e+03 8.172043e+03 8.207019e+03 8.191659e+03
7.7 8.353644e+03 8.232269e+03 8.241375e+03 8.362750e+03
0.6 8.353644e+03 8.232269e+03 8.241375e+03 8.362750e+03
1.6 8.376926e+03 8.378754e+03 8.390527e+03 8.388698e+03
2.6 8.416449e+03 8.369906e+03 8.426854e+03 8.473397e+03
3.6 8.213133e+03 8.288411e+03 8.353480e+03 8.278202e+03
4.6 8.291955e+03 8.313047e+03 8.355797e+03 8.334705e+03
5.6 8.350547e+03 8.344425e+03 8.409823e+03 8.415945e+03
6.6 8.127902e+03 8.283505e+03 8.256079e+03 8.100476e+03
7.6 8.392847e+03 8.248767e+03 8.194357e+03 8.338436e+03
0.2 8.376926e+03 8.378754e+03 8.390527e+03 8.388698e+03
1.2 8.416449e+03 8.369906e+03 8.426854e+03 8.473397e+03
2.2 8.213133e+03 8.288411e+03 8.353480e+03 8.278202e+03
3.2 8.291955e+03 8.313047e+03 8.355797e+03 8.334705e+03
4.2 8.350547e+03 8.344425e+03 8.409823e+03 8.415945e+03
5.2 8.127902e+03 8.283505e+03 8.256079e+03 8.100476e+03
6.2 8.392847e+03 8.248767e+03 8.194357e+03 8.338436e+03
7.2 7.965644e+03 8.151875e+03 8.199996e+03 8.013765e+03
0.7 8.213133e+03 8.288411e+03 8.353480e+03 8.278202e+03
1.7 8.291955e+03 8.313047e+03 8.355797e+03 8.334705e+03
2.7 8.350547e+03 8.344425e+03 8.409823e+03 8.415945e+03
3.7 8.127902e+03 8.283505e+03 8.256079e+03 8.100476e+03
4.7 8.392847e+03 8.248767e+03 8.194357e+03 8.338436e+03
5.7 7.965644e+03 8.151875e+03 8.199996e+03 8.013765e+03
6.7 8.304787e+03 8.303251e+03 8.214138e+03 8.215674e+03
7.7 8.448625e+03 8.292681e+03 8.221039e+03 8.376983e+03
0.3 8.291955e+03 8.313047e+03 8.355797e+03 8.334705e+03
1.3 8.350547e+03 8.344425e+03 8.409823e+03 8.415945e+03
2.3 8.127902e+03 8.283505e+03 8.256079e+03 8.100476e+03
3.3 8.392847e+03 8.248767e+03 8.194357e+03 8.338436e+03
4.3 7.965644e+03 8.151875e+03 8.199996e+03 8.013765e+03
5.3 8.304787e+03 8.303251e+03 8.214138e+03 8.215674e+03
6.3 8.448625e+03 8.292681e+03 8.221039e+03 8.376983e+03
7.3 8.310269e+03 8.340760e+03 8.223621e+03 8.193130e+03
0.7 8.354953e+03 8.301807e+03 8.297283e+03 8.350429e+03
1.7 8.226052e+03 8.297947e+03 8.386939e+03 8.315043e+03
2.7 8.317060e+03 8.334386e+03 8.247171e+03 8.229845e+03
3.7 8.410469e+03 8.303054e+03 8.211970e+03 8.319385e+03
4.7 8.245751e+03 8.257599e+03 8.218093e+03 8.206245e+03
5.7 8.119532e+03 8.153533e+03 8.226777e+03 8.192776e+03
6.7 8.370066e+03 8.304779e+03 8.229860e+03 8.295147e+03
7.7 8.445521e+03 8.295842e+03 8.230479e+03 8.380159e+03
0.9 8.211333e+03 8.304179e+03 8.344720e+03 8.251875e+03
1.9 8.289130e+03 8.276809e+03 8.363290e+03 8.375611e+03
2.9 7.992966e+03 8.172650e+03 8.236560e+03 8.056876e+03
3.9 8.314767e+03 8.324262e+03 8.365998e+03 8.356503e+03
4.9 8.157660e+03 8.301265e+03 8.358960e+03 8.215355e+03
5.9 8.263616e+03 8.332047e+03 8.404606e+03 8.336175e+03
6.9 8.318003e+03 8.331211e+03 8.238771e+03 8.225563e+03
7.9 7.963873e+03 8.282981e+03 8.200074e+03 7.880966e+03
1.0 8.314767e+03 8.324262e+03 8.365998e+03 8.356503e+03
2.0 8.157660e+03 8.301265e+03 8.358960e+03 8.215355e+03
3.0 8.263616e+03 8.332047e+03 8.404606e+03 8.336175e+03
4.0 8.318003e+03 8.331211e+03 8.238771e+03 8.225563e+03
5.0 7.963873e+03 8.282981e+03 8.200074e+03 7.880966e+03
6.0 8.323134e+03 8.287242e+03 8.208782e+03 8.244673e+03
7.0 8.150112e+03 8.153896e+03 8.218852e+03 8.215067e+03
8.0 8.297737e+03 8.259851e+03 8.221835e+03 8.259721e+03
0.6 8.157660e+03 8.301265e+03 8.358960e+03 8.215355e+03
1.6 8.263616e+03 8.332047e+03 8.404606e+03 8.336175e+03
2.6 8.318003e+03 8.331211e+03 8.238771e+03 8.225563e+03
3.6 7.963873e+03 8.282981e+03 8.200074e+03 7.880966e+03
4.6 8.323134e+03 8.287242e+03 8.208782e+03 8.244673e+03
5.6 8.150112e+03 8.153896e+03 8.218852e+03 8.215067e+03
6.6 8.297737e+03 8.259851e+03 8.221835e+03 8.259721e+03
7.6 8.341055e+03 8.296891e+03 8.221858e+03 8.266022e+03
1.0 8.338948e+03 8.341813e+03 8.376728e+03 8.373863e+03
2.0 8.278294e+03 8.207879e+03 8.329204e+03 8.399619e+03
3.0 8.173095e+03 8.132757e+03 8.219270e+03 8.259608e+03
4.0 8.325462e+03 8.328510e+03 8.200195e+03 8.197146e+03
5.0 8.166372e+03 8.301986e+03 8.207996e+03 8.072382e+03
6.0 8.452176e+03 8.293956e+03 8.213568e+03 8.371788e+03
7.0 8.119017e+03 8.152439e+03 8.214404e+03 8.180981e+03
8.0 8.288084e+03 8.258408e+03 8.213716e+03 8.243392e+03
0.5 8.483184e+03 8.315792e+03 8.222335e+03 8.389727e+03
1.5 8.527981e+03 8.379631e+03 8.406249e+03 8.554600e+03
2.5 8.277779e+03 8.326225e+03 8.413558e+03 8.365112e+03
3.5 8.298651e+03 8.269383e+03 8.338393e+03 8.367662e+03
4.5 8.299864e+03 8.333649e+03 8.375265e+03 8.341480e+03
5.5 8.228293e+03 8.329004e+03 8.400448e+03 8.299737e+03
6.5 8.201136e+03 8.177102e+03 8.266445e+03 8.290479e+03
7.5 8.231826e+03 8.122230e+03 8.183837e+03 8.293433e+03
1.0 8.277779e+03 8.326225e+03 8.413558e+03 8.365112e+03
2.0 8.298651e+03 8.269383e+03 8.338393e+03 8.367662e+03
3.0 8.299864e+03 8.333649e+03 8.375265e+03 8.341480e+03
4.0 8.228293e+03 8.329004e+03 8.400448e+03 8.299737e+03
5.0 8.201136e+03 8.177102e+03 8.266445e+03 8.290479e+03
6.0 8.231826e+03 8.122230e+03 8.183837e+03 8.293433e+03
7.0 8.108418e+03 8.150323e+03 8.182081e+03 8.140176e+03
8.0 8.262735e+03 8.281947e+03 8.193793e+03 8.174581e+03
0.6 8.298651e+03 8.269383e+03 8.338393e+03 8.367662e+03
1.6 8.299864e+03 8.333649e+03 8.375265e+03 8.341480e+03
2.6 8.228293e+03 8.329004e+03 8.400448e+03 8.299737e+03
3.6 8.201136e+03 8.177102e+03 8.266445e+03 8.290479e+03
4.6 8.231826e+03 8.122230e+03 8.183837e+03 8.293433e+03
5.6 8.108418e+03 8.150323e+03 8.182081e+03 8.140176e+03
6.6 8.262735e+03 8.281947e+03 8.193793e+03 8.174581e+03
7.6 8.093229e+03 8.309682e+03 8.198640e+03 7.982188e+03
0.2 8.299864e+03 8.333649e+03 8.375265e+03 8.341480e+03
1.2 8.228293e+03 8.329004e+03 8.400448e+03 8.299737e+03
2.2 8.201136e+03 8.177102e+03 8.266445e+03 8.290479e+03
3.2 8.231826e+03 8.122230e+03 8.183837e+03 8.293433e+03
4.2 8.108418e+03 8.150323e+03 8.182081e+03 8.140176e+03
5.2 8.262735e+03 8.281947e+03 8.193793e+03 8.174581e+03
6.2 8.093229e+03 8.309682e+03 8.198640e+03 7.982188e+03
7.2 8.383401e+03 8.350778e+03 8.198448e+03 8.231072e+03
0.2 8.507673e+03 8.358066e+03 8.192121e+03 8.341729e+03
1.2 8.327037e+03 8.368691e+03 8.373772e+03 8.332119e+03
2.2 8.461504e+03 8.187657e+03 8.272138e+03 8.545985e+03
3.2 8.231513e+03 8.159898e+03 8.178254e+03 8.249869e+03
4.2 8.490636e+03 8.367078e+03 8.358868e+03 8.482426e+03
5.2 8.203379e+03 8.318752e+03 8.347848e+03 8.232475e+03
6.2 8.321908e+03 8.289547e+03 8.302532e+03 8.334893e+03
7.2 8.247318e+03 8.319232e+03 8.352243e+03 8.280329e+03
0.3 8.231513e+03 8.159898e+03 8.178254e+03 8.249869e+03
1.3 8.490636e+03 8.367078e+03 8.358868e+03 8.482426e+03
2.3 8.203379e+03 8.318752e+03 8.347848e+03 8.232475e+03
3.3 8.321908e+03 8.289547e+03 8.302532e+03 8.334893e+03
4.3 8.247318e+03 8.319232e+03 8.352243e+03 8.280329e+03
0.9 8.203379e+03 8.318752e+03 8.347848e+03 8.232475e+03
1.9 8.321908e+03 8.289547e+03 8.302532e+03 8.334893e+03
2.9 8.247318e+03 8.319232e+03 8.352243e+03 8.280329e+03
0.5 8.321908e+03 8.289547e+03 8.302532e+03 8.334893e+03
1.5 8.247318e+03 8.319232e+03 8.352243e+03 8.280329e+03
