0.5 9.992074e+03 1.006893e+04 1.003219e+04 9.955337e+03
1.5 1.009939e+04 1.006772e+04 1.006351e+04 1.009517e+04
2.5 1.001559e+04 9.999455e+03 1.003840e+04 1.005454e+04
3.5 1.011207e+04 1.004862e+04 1.003377e+04 1.009722e+04
4.5 1.002650e+04 1.004973e+04 1.005876e+04 1.003553e+04
5.5 1.000032e+04 1.000080e+04 1.003511e+04 1.003462e+04
6.5 1.008459e+04 1.004761e+04 1.003995e+04 1.007693e+04
7.5 1.002847e+04 1.003066e+04 1.005572e+04 1.005353e+04
0.6 1.011207e+04 1.004862e+04 1.003377e+04 1.009722e+04
1.6 1.002650e+04 1.004973e+04 1.005876e+04 1.003553e+04
2.6 1.000032e+04 1.000080e+04 1.003511e+04 1.003462e+04
3.6 1.008459e+04 1.004761e+04 1.003995e+04 1.007693e+04
4.6 1.002847e+04 1.003066e+04 1.005572e+04 1.005353e+04
5.6 1.001559e+04 9.987831e+03 1.003352e+04 1.006128e+04
6.6 1.000692e+04 1.007021e+04 1.002816e+04 9.964861e+03
7.6 1.010381e+04 1.007615e+04 1.002937e+04 1.005703e+04
0.7 1.008459e+04 1.004761e+04 1.003995e+04 1.007693e+04
1.7 1.002847e+04 1.003066e+04 1.005572e+04 1.005353e+04
2.7 1.001559e+04 9.987831e+03 1.003352e+04 1.006128e+04
3.7 1.000692e+04 1.007021e+04 1.002816e+04 9.964861e+03
4.7 1.010381e+04 1.007615e+04 1.002937e+04 1.005703e+04
5.7 9.951484e+03 1.003475e+04 1.003094e+04 9.947671e+03
6.7 1.007601e+04 1.004362e+04 1.005809e+04 1.009049e+04
7.7 9.915884e+03 1.001361e+04 1.005042e+04 9.952701e+03
1.0 1.007601e+04 1.004362e+04 1.005809e+04 1.009049e+04
2.0 9.915884e+03 1.001361e+04 1.005042e+04 9.952701e+03
3.0 1.003814e+04 1.007435e+04 1.003209e+04 9.995890e+03
4.0 1.010118e+04 1.000696e+04 1.002916e+04 1.012338e+04
5.0 1.008126e+04 1.003669e+04 1.003078e+04 1.007535e+04
6.0 1.011034e+04 1.008767e+04 1.003201e+04 1.005468e+04
7.0 1.011314e+04 1.011405e+04 1.003242e+04 1.003151e+04
8.0 1.012382e+04 1.008198e+04 1.003257e+04 1.007442e+04
1.0 1.012239e+04 1.005323e+04 1.005925e+04 1.012842e+04
2.0 9.937448e+03 1.001077e+04 1.005691e+04 9.983586e+03
3.0 1.003983e+04 9.994984e+03 1.006349e+04 1.010834e+04
4.0 9.943671e+03 9.961306e+03 1.003503e+04 1.001739e+04
5.0 1.006297e+04 1.003307e+04 1.002843e+04 1.005834e+04
6.0 1.010633e+04 1.008227e+04 1.002990e+04 1.005396e+04
7.0 9.932493e+03 1.000119e+04 1.003158e+04 9.962885e+03
8.0 9.959361e+03 9.987523e+03 1.003203e+04 1.000387e+04
0.6 9.937448e+03 1.001077e+04 1.005691e+04 9.983586e+03
1.6 1.003983e+04 9.994984e+03 1.006349e+04 1.010834e+04
2.6 9.943671e+03 9.961306e+03 1.003503e+04 1.001739e+04
3.6 1.006297e+04 1.003307e+04 1.002843e+04 1.005834e+04
4.6 1.010633e+04 1.008227e+04 1.002990e+04 1.005396e+04
5.6 9.932493e+03 1.000119e+04 1.003158e+04 9.962885e+03
6.6 9.959361e+03 9.987523e+03 1.003203e+04 1.000387e+04
7.6 9.996803e+03 9.992140e+03 1.003195e+04 1.003661e+04
0.9 1.001509e+04 1.005665e+04 1.004860e+04 1.000705e+04
1.9 9.950229e+03 9.987544e+03 1.005148e+04 1.001416e+04
2.9 1.001335e+04 9.993578e+03 1.002974e+04 1.004951e+04
3.9 1.016254e+04 1.004604e+04 1.005148e+04 1.016798e+04
4.9 9.965705e+03 1.003194e+04 1.005011e+04 9.983878e+03
5.9 9.966199e+03 1.004570e+04 1.005771e+04 9.978217e+03
6.9 1.011967e+04 1.001805e+04 1.006077e+04 1.016239e+04
7.9 1.010941e+04 1.001881e+04 1.003746e+04 1.012806e+04
1.0 1.016254e+04 1.004604e+04 1.005148e+04 1.016798e+04
2.0 9.965705e+03 1.003194e+04 1.005011e+04 9.983878e+03
3.0 9.966199e+03 1.004570e+04 1.005771e+04 9.978217e+03
4.0 1.011967e+04 1.001805e+04 1.006077e+04 1.016239e+04
5.0 1.010941e+04 1.001881e+04 1.003746e+04 1.012806e+04
6.0 1.009765e+04 1.010674e+04 1.002360e+04 1.001450e+04
7.0 1.007763e+04 1.007338e+04 1.005661e+04 1.006086e+04
8.0 1.006088e+04 1.001404e+04 1.005604e+04 1.010288e+04
0.6 9.965705e+03 1.003194e+04 1.005011e+04 9.983878e+03
1.6 9.966199e+03 1.004570e+04 1.005771e+04 9.978217e+03
2.6 1.011967e+04 1.001805e+04 1.006077e+04 1.016239e+04
3.6 1.010941e+04 1.001881e+04 1.003746e+04 1.012806e+04
4.6 1.009765e+04 1.010674e+04 1.002360e+04 1.001450e+04
5.6 1.007763e+04 1.007338e+04 1.005661e+04 1.006086e+04
6.6 1.006088e+04 1.001404e+04 1.005604e+04 1.010288e+04
7.6 1.003785e+04 9.986804e+03 1.004763e+04 1.009867e+04
0.2 9.966199e+03 1.004570e+04 1.005771e+04 9.978217e+03
1.2 1.011967e+04 1.001805e+04 1.006077e+04 1.016239e+04
2.2 1.010941e+04 1.001881e+04 1.003746e+04 1.012806e+04
3.2 1.009765e+04 1.010674e+04 1.002360e+04 1.001450e+04
4.2 1.007763e+04 1.007338e+04 1.005661e+04 1.006086e+04
5.2 1.006088e+04 1.001404e+04 1.005604e+04 1.010288e+04
6.2 1.003785e+04 9.986804e+03 1.004763e+04 1.009867e+04
7.2 9.972184e+03 1.000544e+04 1.002558e+04 9.992316e+03
0.3 1.009765e+04 1.010674e+04 1.002360e+04 1.001450e+04
1.3 1.007763e+04 1.007338e+04 1.005661e+04 1.006086e+04
2.3 1.006088e+04 1.001404e+04 1.005604e+04 1.010288e+04
3.3 1.003785e+04 9.986804e+03 1.004763e+04 1.009867e+04
4.3 9.972184e+03 1.000544e+04 1.002558e+04 9.992316e+03
5.3 1.015684e+04 1.005523e+04 1.004936e+04 1.015097e+04
6.3 1.001020e+04 1.003765e+04 1.004918e+04 1.002173e+04
7.3 9.941013e+03 1.001464e+04 1.005732e+04 9.983698e+03
0.9 1.006088e+04 1.001404e+04 1.005604e+04 1.010288e+04
1.9 1.003785e+04 9.986804e+03 1.004763e+04 1.009867e+04
2.9 9.972184e+03 1.000544e+04 1.002558e+04 9.992316e+03
3.9 1.015684e+04 1.005523e+04 1.004936e+04 1.015097e+04
4.9 1.001020e+04 1.003765e+04 1.004918e+04 1.002173e+04
5.9 9.941013e+03 1.001464e+04 1.005732e+04 9.983698e+03
6.9 9.985631e+03 9.970245e+03 1.002944e+04 1.004482e+04
7.9 1.005429e+04 9.997010e+03 1.002310e+04 1.008038e+04
1.0 1.015684e+04 1.005523e+04 1.004936e+04 1.015097e+04
2.0 1.001020e+04 1.003765e+04 1.004918e+04 1.002173e+04
3.0 9.941013e+03 1.001464e+04 1.005732e+04 9.983698e+03
4.0 9.985631e+03 9.970245e+03 1.002944e+04 1.004482e+04
5.0 1.005429e+04 9.997010e+03 1.002310e+04 1.008038e+04
6.0 1.007690e+04 1.000777e+04 1.002479e+04 1.009392e+04
7.0 1.006103e+04 1.001380e+04 1.002669e+04 1.007392e+04
8.0 1.009380e+04 1.007584e+04 1.002738e+04 1.004534e+04
0.6 1.001020e+04 1.003765e+04 1.004918e+04 1.002173e+04
1.6 9.941013e+03 1.001464e+04 1.005732e+04 9.983698e+03
2.6 9.985631e+03 9.970245e+03 1.002944e+04 1.004482e+04
3.6 1.005429e+04 9.997010e+03 1.002310e+04 1.008038e+04
4.6 1.007690e+04 1.000777e+04 1.002479e+04 1.009392e+04
5.6 1.006103e+04 1.001380e+04 1.002669e+04 1.007392e+04
6.6 1.009380e+04 1.007584e+04 1.002738e+04 1.004534e+04
7.6 9.982363e+03 1.007393e+04 1.002757e+04 9.936003e+03
0.2 1.010586e+04 1.013077e+04 1.002769e+04 1.000278e+04
1.2 1.012497e+04 1.006328e+04 1.005898e+04 1.012068e+04
2.2 9.979527e+03 1.001012e+04 1.005432e+04 1.002372e+04
3.2 9.985826e+03 9.992854e+03 1.005380e+04 1.004677e+04
4.2 1.004918e+04 9.989779e+03 1.002802e+04 1.008742e+04
5.2 1.000893e+04 1.004278e+04 1.004318e+04 1.000933e+04
6.2 9.943643e+03 1.004548e+04 1.004996e+04 9.948127e+03
7.2 1.007131e+04 1.002392e+04 1.006161e+04 1.010900e+04
0.7 9.979527e+03 1.001012e+04 1.005432e+04 1.002372e+04
1.7 9.985826e+03 9.992854e+03 1.005380e+04 1.004677e+04
2.7 1.004918e+04 9.989779e+03 1.002802e+04 1.008742e+04
3.7 1.000893e+04 1.004278e+04 1.004318e+04 1.000933e+04
4.7 9.943643e+03 1.004548e+04 1.004996e+04 9.948127e+03
5.7 1.007131e+04 1.002392e+04 1.006161e+04 1.010900e+04
6.7 1.012046e+04 1.005371e+04 1.003262e+04 1.009938e+04
7.7 1.008642e+04 1.004065e+04 1.002385e+04 1.006962e+04
0.9 1.000893e+04 1.004278e+04 1.004318e+04 1.000933e+04
1.9 9.943643e+03 1.004548e+04 1.004996e+04 9.948127e+03
2.9 1.007131e+04 1.002392e+04 1.006161e+04 1.010900e+04
3.9 1.012046e+04 1.005371e+04 1.003262e+04 1.009938e+04
4.9 1.008642e+04 1.004065e+04 1.002385e+04 1.006962e+04
5.9 1.009116e+04 1.003120e+04 1.002506e+04 1.008502e+04
6.9 1.007622e+04 1.005439e+04 1.005845e+04 1.008027e+04
7.9 9.869172e+03 1.001821e+04 1.005469e+04 9.905649e+03
0.5 9.943643e+03 1.004548e+04 1.004996e+04 9.948127e+03
1.5 1.007131e+04 1.002392e+04 1.006161e+04 1.010900e+04
2.5 1.012046e+04 1.005371e+04 1.003262e+04 1.009938e+04
3.5 1.008642e+04 1.004065e+04 1.002385e+04 1.006962e+04
4.5 1.009116e+04 1.003120e+04 1.002506e+04 1.008502e+04
5.5 1.007622e+04 1.005439e+04 1.005845e+04 1.008027e+04
6.5 9.869172e+03 1.001821e+04 1.005469e+04 9.905649e+03
7.5 9.973243e+03 9.996152e+03 1.005450e+04 1.003159e+04
0.2 1.009116e+04 1.003120e+04 1.002506e+04 1.008502e+04
1.2 1.007622e+04 1.005439e+04 1.005845e+04 1.008027e+04
2.2 9.869172e+03 1.001821e+04 1.005469e+04 9.905649e+03
3.2 9.973243e+03 9.996152e+03 1.005450e+04 1.003159e+04
4.2 1.003129e+04 9.988100e+03 1.002892e+04 1.007211e+04
5.2 1.012071e+04 1.003829e+04 1.004427e+04 1.012669e+04
6.2 9.988903e+03 1.001778e+04 1.004960e+04 1.002072e+04
7.2 1.012589e+04 1.008737e+04 1.003007e+04 1.006858e+04
0.7 9.869172e+03 1.001821e+04 1.005469e+04 9.905649e+03
1.7 9.973243e+03 9.996152e+03 1.005450e+04 1.003159e+04
2.7 1.003129e+04 9.988100e+03 1.002892e+04 1.007211e+04
3.7 1.012071e+04 1.003829e+04 1.004427e+04 1.012669e+04
4.7 9.988903e+03 1.001778e+04 1.004960e+04 1.002072e+04
5.7 1.012589e+04 1.008737e+04 1.003007e+04 1.006858e+04
6.7 1.002967e+04 1.009916e+04 1.002636e+04 9.956873e+03
7.7 1.001478e+04 1.006742e+04 1.002797e+04 9.975333e+03
0.9 1.012071e+04 1.003829e+04 1.004427e+04 1.012669e+04
1.9 9.988903e+03 1.001778e+04 1.004960e+04 1.002072e+04
2.9 1.012589e+04 1.008737e+04 1.003007e+04 1.006858e+04
3.9 1.002967e+04 1.009916e+04 1.002636e+04 9.956873e+03
4.9 1.001478e+04 1.006742e+04 1.002797e+04 9.975333e+03
5.9 1.015386e+04 1.009255e+04 1.002950e+04 1.009081e+04
6.9 1.013427e+04 1.009743e+04 1.003015e+04 1.006700e+04
7.9 9.949276e+03 1.001982e+04 1.003050e+04 9.959955e+03
0.9 1.006256e+04 1.003971e+04 1.005102e+04 1.007387e+04
1.9 9.967757e+03 1.003611e+04 1.005619e+04 9.987840e+03
2.9 1.004607e+04 1.000736e+04 1.006650e+04 1.010521e+04
3.9 9.861790e+03 9.962022e+03 1.003729e+04 9.937060e+03
4.9 1.006980e+04 1.002059e+04 1.003429e+04 1.008350e+04
5.9 9.994128e+03 1.003225e+04 1.006088e+04 1.002276e+04
6.9 1.000334e+04 1.006522e+04 1.003796e+04 9.976071e+03
7.9 1.012078e+04 1.001754e+04 1.003119e+04 1.013444e+04
0.5 9.967757e+03 1.003611e+04 1.005619e+04 9.987840e+03
1.5 1.004607e+04 1.000736e+04 1.006650e+04 1.010521e+04
2.5 9.861790e+03 9.962022e+03 1.003729e+04 9.937060e+03
3.5 1.006980e+04 1.002059e+04 1.003429e+04 1.008350e+04
4.5 9.994128e+03 1.003225e+04 1.006088e+04 1.002276e+04
5.5 1.000334e+04 1.006522e+04 1.003796e+04 9.976071e+03
6.5 1.012078e+04 1.001754e+04 1.003119e+04 1.013444e+04
7.5 9.956187e+03 9.991178e+03 1.003233e+04 9.997338e+03
0.6 1.006980e+04 1.002059e+04 1.003429e+04 1.008350e+04
1.6 9.994128e+03 1.003225e+04 1.006088e+04 1.002276e+04
2.6 1.000334e+04 1.006522e+04 1.003796e+04 9.976071e+03
3.6 1.012078e+04 1.001754e+04 1.003119e+04 1.013444e+04
4.6 9.956187e+03 9.991178e+03 1.003233e+04 9.997338e+03
5.6 1.005553e+04 1.009483e+04 1.003438e+04 9.995076e+03
6.6 1.010764e+04 1.007788e+04 1.003554e+04 1.006530e+04
7.6 1.009725e+04 1.005652e+04 1.003628e+04 1.007701e+04
