0.9 9.316174e+03 9.266215e+03 9.285401e+03 9.335360e+03
1.9 9.300814e+03 9.249775e+03 9.290330e+03 9.341369e+03
2.9 9.230519e+03 9.222817e+03 9.248824e+03 9.256526e+03
3.9 9.323804e+03 9.309747e+03 9.239404e+03 9.253461e+03
4.9 9.233882e+03 9.294757e+03 9.251416e+03 9.190541e+03
5.9 9.204022e+03 9.268378e+03 9.300381e+03 9.236025e+03
6.9 9.214265e+03 9.208090e+03 9.252550e+03 9.258725e+03
7.9 9.244721e+03 9.251013e+03 9.259705e+03 9.253413e+03
0.6 9.233882e+03 9.294757e+03 9.251416e+03 9.190541e+03
1.6 9.204022e+03 9.268378e+03 9.300381e+03 9.236025e+03
2.6 9.214265e+03 9.208090e+03 9.252550e+03 9.258725e+03
3.6 9.244721e+03 9.251013e+03 9.259705e+03 9.253413e+03
4.6 9.207879e+03 9.287551e+03 9.288851e+03 9.209179e+03
5.6 9.335521e+03 9.291137e+03 9.308898e+03 9.353282e+03
6.6 9.259459e+03 9.263292e+03 9.292928e+03 9.289095e+03
7.6 9.198344e+03 9.263761e+03 9.279787e+03 9.214370e+03
0.7 9.244721e+03 9.251013e+03 9.259705e+03 9.253413e+03
1.7 9.207879e+03 9.287551e+03 9.288851e+03 9.209179e+03
2.7 9.335521e+03 9.291137e+03 9.308898e+03 9.353282e+03
3.7 9.259459e+03 9.263292e+03 9.292928e+03 9.289095e+03
4.7 9.198344e+03 9.263761e+03 9.279787e+03 9.214370e+03
5.7 9.276222e+03 9.283584e+03 9.299326e+03 9.291964e+03
6.7 9.331563e+03 9.297709e+03 9.247358e+03 9.281212e+03
7.7 9.306113e+03 9.284762e+03 9.232152e+03 9.253503e+03
0.3 9.207879e+03 9.287551e+03 9.288851e+03 9.209179e+03
1.3 9.335521e+03 9.291137e+03 9.308898e+03 9.353282e+03
2.3 9.259459e+03 9.263292e+03 9.292928e+03 9.289095e+03
3.3 9.198344e+03 9.263761e+03 9.279787e+03 9.214370e+03
4.3 9.276222e+03 9.283584e+03 9.299326e+03 9.291964e+03
5.3 9.331563e+03 9.297709e+03 9.247358e+03 9.281212e+03
6.3 9.306113e+03 9.284762e+03 9.232152e+03 9.253503e+03
7.3 9.290045e+03 9.299363e+03 9.234633e+03 9.225314e+03
0.9 9.259459e+03 9.263292e+03 9.292928e+03 9.289095e+03
1.9 9.198344e+03 9.263761e+03 9.279787e+03 9.214370e+03
2.9 9.276222e+03 9.283584e+03 9.299326e+03 9.291964e+03
3.9 9.331563e+03 9.297709e+03 9.247358e+03 9.281212e+03
4.9 9.306113e+03 9.284762e+03 9.232152e+03 9.253503e+03
5.9 9.290045e+03 9.299363e+03 9.234633e+03 9.225314e+03
6.9 9.265350e+03 9.218517e+03 9.238490e+03 9.285322e+03
7.9 9.240570e+03 9.248815e+03 9.262801e+03 9.254556e+03
0.5 9.198344e+03 9.263761e+03 9.279787e+03 9.214370e+03
1.5 9.276222e+03 9.283584e+03 9.299326e+03 9.291964e+03
2.5 9.331563e+03 9.297709e+03 9.247358e+03 9.281212e+03
3.5 9.306113e+03 9.284762e+03 9.232152e+03 9.253503e+03
4.5 9.290045e+03 9.299363e+03 9.234633e+03 9.225314e+03
5.5 9.265350e+03 9.218517e+03 9.238490e+03 9.285322e+03
6.5 9.240570e+03 9.248815e+03 9.262801e+03 9.254556e+03
7.5 9.304553e+03 9.260476e+03 9.291609e+03 9.335685e+03
0.7 9.240570e+03 9.248815e+03 9.262801e+03 9.254556e+03
1.7 9.304553e+03 9.260476e+03 9.291609e+03 9.335685e+03
2.7 9.160341e+03 9.205781e+03 9.246743e+03 9.201303e+03
3.7 9.249644e+03 9.212501e+03 9.235458e+03 9.272600e+03
4.7 9.291486e+03 9.219120e+03 9.237460e+03 9.309826e+03
5.7 9.165372e+03 9.220885e+03 9.240353e+03 9.184840e+03
6.7 9.159973e+03 9.224220e+03 9.241540e+03 9.177292e+03
7.7 9.293752e+03 9.251469e+03 9.252547e+03 9.294830e+03
0.6 9.293752e+03 9.251469e+03 9.252547e+03 9.294830e+03
1.6 9.267696e+03 9.297790e+03 9.300334e+03 9.270240e+03
2.6 9.279670e+03 9.281592e+03 9.311972e+03 9.310050e+03
3.6 9.344668e+03 9.253264e+03 9.288464e+03 9.379868e+03
4.6 9.258278e+03 9.268088e+03 9.289207e+03 9.279396e+03
5.6 9.279405e+03 9.276402e+03 9.306516e+03 9.309519e+03
6.6 9.319259e+03 9.273665e+03 9.257258e+03 9.302852e+03
7.6 9.336396e+03 9.258780e+03 9.237483e+03 9.315099e+03
0.2 9.267696e+03 9.297790e+03 9.300334e+03 9.270240e+03
1.2 9.279670e+03 9.281592e+03 9.311972e+03 9.310050e+03
2.2 9.344668e+03 9.253264e+03 9.288464e+03 9.379868e+03
3.2 9.258278e+03 9.268088e+03 9.289207e+03 9.279396e+03
4.2 9.279405e+03 9.276402e+03 9.306516e+03 9.309519e+03
5.2 9.319259e+03 9.273665e+03 9.257258e+03 9.302852e+03
6.2 9.336396e+03 9.258780e+03 9.237483e+03 9.315099e+03
7.2 9.285879e+03 9.215012e+03 9.239290e+03 9.310157e+03
0.7 9.344668e+03 9.253264e+03 9.288464e+03 9.379868e+03
1.7 9.258278e+03 9.268088e+03 9.289207e+03 9.279396e+03
2.7 9.279405e+03 9.276402e+03 9.306516e+03 9.309519e+03
3.7 9.319259e+03 9.273665e+03 9.257258e+03 9.302852e+03
4.7 9.336396e+03 9.258780e+03 9.237483e+03 9.315099e+03
5.7 9.285879e+03 9.215012e+03 9.239290e+03 9.310157e+03
6.7 9.241455e+03 9.296312e+03 9.243821e+03 9.188964e+03
7.7 9.241132e+03 9.285045e+03 9.246032e+03 9.202118e+03
0.3 9.258278e+03 9.268088e+03 9.289207e+03 9.279396e+03
1.3 9.279405e+03 9.276402e+03 9.306516e+03 9.309519e+03
2.3 9.319259e+03 9.273665e+03 9.257258e+03 9.302852e+03
3.3 9.336396e+03 9.258780e+03 9.237483e+03 9.315099e+03
4.3 9.285879e+03 9.215012e+03 9.239290e+03 9.310157e+03
5.3 9.241455e+03 9.296312e+03 9.243821e+03 9.188964e+03
6.3 9.241132e+03 9.285045e+03 9.246032e+03 9.202118e+03
7.3 9.366289e+03 9.310508e+03 9.246859e+03 9.302640e+03
0.7 9.308275e+03 9.264949e+03 9.270459e+03 9.313786e+03
1.7 9.234377e+03 9.258037e+03 9.299184e+03 9.275524e+03
2.7 9.238869e+03 9.305512e+03 9.254404e+03 9.187761e+03
3.7 9.196955e+03 9.286802e+03 9.243126e+03 9.153279e+03
4.7 9.304362e+03 9.256660e+03 9.245088e+03 9.292790e+03
5.7 9.194543e+03 9.210993e+03 9.247870e+03 9.231420e+03
6.7 9.252077e+03 9.294647e+03 9.248858e+03 9.206288e+03
7.7 9.348246e+03 9.285171e+03 9.249056e+03 9.312131e+03
0.9 9.391221e+03 9.267758e+03 9.285658e+03 9.409120e+03
1.9 9.150322e+03 9.244916e+03 9.291607e+03 9.197014e+03
2.9 9.198335e+03 9.218247e+03 9.251004e+03 9.231092e+03
3.9 9.293394e+03 9.273458e+03 9.292475e+03 9.312411e+03
4.9 9.275117e+03 9.261280e+03 9.290220e+03 9.304057e+03
5.9 9.247427e+03 9.274359e+03 9.304845e+03 9.277913e+03
6.9 9.322398e+03 9.303170e+03 9.251713e+03 9.270942e+03
7.9 9.264054e+03 9.279914e+03 9.239315e+03 9.223454e+03
1.0 9.293394e+03 9.273458e+03 9.292475e+03 9.312411e+03
2.0 9.275117e+03 9.261280e+03 9.290220e+03 9.304057e+03
3.0 9.247427e+03 9.274359e+03 9.304845e+03 9.277913e+03
4.0 9.322398e+03 9.303170e+03 9.251713e+03 9.270942e+03
5.0 9.264054e+03 9.279914e+03 9.239315e+03 9.223454e+03
6.0 9.180407e+03 9.275069e+03 9.242104e+03 9.147443e+03
7.0 9.172898e+03 9.209047e+03 9.245331e+03 9.209182e+03
8.0 9.265740e+03 9.272570e+03 9.246286e+03 9.239457e+03
0.6 9.275117e+03 9.261280e+03 9.290220e+03 9.304057e+03
1.6 9.247427e+03 9.274359e+03 9.304845e+03 9.277913e+03
2.6 9.322398e+03 9.303170e+03 9.251713e+03 9.270942e+03
3.6 9.264054e+03 9.279914e+03 9.239315e+03 9.223454e+03
4.6 9.180407e+03 9.275069e+03 9.242104e+03 9.147443e+03
5.6 9.172898e+03 9.209047e+03 9.245331e+03 9.209182e+03
6.6 9.265740e+03 9.272570e+03 9.246286e+03 9.239457e+03
7.6 9.257287e+03 9.290505e+03 9.246294e+03 9.213076e+03
1.0 9.278072e+03 9.268763e+03 9.295913e+03 9.305222e+03
2.0 9.194585e+03 9.212735e+03 9.280687e+03 9.262536e+03
3.0 9.243581e+03 9.208750e+03 9.245465e+03 9.280296e+03
4.0 9.344117e+03 9.314154e+03 9.239353e+03 9.269317e+03
5.0 9.338311e+03 9.289406e+03 9.241853e+03 9.290757e+03
6.0 9.317252e+03 9.277496e+03 9.243638e+03 9.283394e+03
7.0 9.186726e+03 9.209017e+03 9.243906e+03 9.221614e+03
8.0 9.364805e+03 9.273135e+03 9.243685e+03 9.335356e+03
0.5 9.274131e+03 9.294295e+03 9.246447e+03 9.226282e+03
1.5 9.295396e+03 9.288522e+03 9.305371e+03 9.312245e+03
2.5 9.309414e+03 9.260662e+03 9.307713e+03 9.356465e+03
3.5 9.251769e+03 9.248243e+03 9.283631e+03 9.287156e+03
4.5 9.274350e+03 9.275890e+03 9.295444e+03 9.293904e+03
5.5 9.230548e+03 9.264743e+03 9.303512e+03 9.269317e+03
6.5 9.130683e+03 9.210395e+03 9.260579e+03 9.180867e+03
7.5 9.227641e+03 9.200954e+03 9.234113e+03 9.260800e+03
1.0 9.309414e+03 9.260662e+03 9.307713e+03 9.356465e+03
2.0 9.251769e+03 9.248243e+03 9.283631e+03 9.287156e+03
3.0 9.274350e+03 9.275890e+03 9.295444e+03 9.293904e+03
4.0 9.230548e+03 9.264743e+03 9.303512e+03 9.269317e+03
5.0 9.130683e+03 9.210395e+03 9.260579e+03 9.180867e+03
6.0 9.227641e+03 9.200954e+03 9.234113e+03 9.260800e+03
7.0 9.187556e+03 9.223579e+03 9.233550e+03 9.197526e+03
8.0 9.315252e+03 9.290648e+03 9.237302e+03 9.261906e+03
0.6 9.251769e+03 9.248243e+03 9.283631e+03 9.287156e+03
1.6 9.274350e+03 9.275890e+03 9.295444e+03 9.293904e+03
2.6 9.230548e+03 9.264743e+03 9.303512e+03 9.269317e+03
3.6 9.130683e+03 9.210395e+03 9.260579e+03 9.180867e+03
4.6 9.227641e+03 9.200954e+03 9.234113e+03 9.260800e+03
5.6 9.187556e+03 9.223579e+03 9.233550e+03 9.197526e+03
6.6 9.315252e+03 9.290648e+03 9.237302e+03 9.261906e+03
7.6 9.249015e+03 9.300843e+03 9.238855e+03 9.187026e+03
0.2 9.274350e+03 9.275890e+03 9.295444e+03 9.293904e+03
1.2 9.230548e+03 9.264743e+03 9.303512e+03 9.269317e+03
2.2 9.130683e+03 9.210395e+03 9.260579e+03 9.180867e+03
3.2 9.227641e+03 9.200954e+03 9.234113e+03 9.260800e+03
4.2 9.187556e+03 9.223579e+03 9.233550e+03 9.197526e+03
5.2 9.315252e+03 9.290648e+03 9.237302e+03 9.261906e+03
6.2 9.249015e+03 9.300843e+03 9.238855e+03 9.187026e+03
7.2 9.359191e+03 9.311587e+03 9.238794e+03 9.286398e+03
0.2 9.310899e+03 9.327042e+03 9.236767e+03 9.220624e+03
1.2 9.369630e+03 9.285025e+03 9.294966e+03 9.379571e+03
2.2 9.173377e+03 9.213267e+03 9.262403e+03 9.222513e+03
3.2 9.251373e+03 9.225709e+03 9.232324e+03 9.257987e+03
4.2 9.239578e+03 9.298803e+03 9.290191e+03 9.230966e+03
5.2 9.308891e+03 9.271071e+03 9.286660e+03 9.324479e+03
6.2 9.260440e+03 9.265996e+03 9.272141e+03 9.266586e+03
7.2 9.266548e+03 9.269035e+03 9.288068e+03 9.285581e+03
0.3 9.251373e+03 9.225709e+03 9.232324e+03 9.257987e+03
1.3 9.239578e+03 9.298803e+03 9.290191e+03 9.230966e+03
2.3 9.308891e+03 9.271071e+03 9.286660e+03 9.324479e+03
3.3 9.260440e+03 9.265996e+03 9.272141e+03 9.266586e+03
4.3 9.266548e+03 9.269035e+03 9.288068e+03 9.285581e+03
0.9 9.308891e+03 9.271071e+03 9.286660e+03 9.324479e+03
1.9 9.260440e+03 9.265996e+03 9.272141e+03 9.266586e+03
2.9 9.266548e+03 9.269035e+03 9.288068e+03 9.285581e+03
0.5 9.260440e+03 9.265996e+03 9.272141e+03 9.266586e+03
1.5 9.266548e+03 9.269035e+03 9.288068e+03 9.285581e+03
