0.5 1.009131e+04 1.011274e+04 1.010774e+04 1.008632e+04
1.5 1.012528e+04 1.009500e+04 1.009525e+04 1.012554e+04
2.5 1.008161e+04 1.009842e+04 1.010527e+04 1.008846e+04
3.5 1.012628e+04 1.010629e+04 1.010711e+04 1.012710e+04
4.5 1.006541e+04 1.009225e+04 1.009714e+04 1.007031e+04
5.5 1.011888e+04 1.009746e+04 1.010658e+04 1.012800e+04
6.5 1.012313e+04 1.010006e+04 1.010465e+04 1.012772e+04
7.5 1.008694e+04 1.008863e+04 1.009836e+04 1.009667e+04
0.6 1.012628e+04 1.010629e+04 1.010711e+04 1.012710e+04
1.6 1.006541e+04 1.009225e+04 1.009714e+04 1.007031e+04
2.6 1.011888e+04 1.009746e+04 1.010658e+04 1.012800e+04
3.6 1.012313e+04 1.010006e+04 1.010465e+04 1.012772e+04
4.6 1.008694e+04 1.008863e+04 1.009836e+04 1.009667e+04
5.6 1.011579e+04 1.009187e+04 1.010721e+04 1.013113e+04
6.6 1.014767e+04 1.012775e+04 1.010935e+04 1.012927e+04
7.6 1.014820e+04 1.013532e+04 1.010887e+04 1.012174e+04
0.7 1.012313e+04 1.010006e+04 1.010465e+04 1.012772e+04
1.7 1.008694e+04 1.008863e+04 1.009836e+04 1.009667e+04
2.7 1.011579e+04 1.009187e+04 1.010721e+04 1.013113e+04
3.7 1.014767e+04 1.012775e+04 1.010935e+04 1.012927e+04
4.7 1.014820e+04 1.013532e+04 1.010887e+04 1.012174e+04
5.7 1.006874e+04 1.010365e+04 1.010824e+04 1.007333e+04
6.7 1.007030e+04 1.008149e+04 1.009741e+04 1.008622e+04
7.7 1.008533e+04 1.008598e+04 1.010047e+04 1.009981e+04
1.0 1.007030e+04 1.008149e+04 1.009741e+04 1.008622e+04
2.0 1.008533e+04 1.008598e+04 1.010047e+04 1.009981e+04
3.0 1.017568e+04 1.013790e+04 1.010778e+04 1.014557e+04
4.0 1.014266e+04 1.010276e+04 1.010895e+04 1.014885e+04
5.0 1.013026e+04 1.010600e+04 1.010831e+04 1.013257e+04
6.0 1.011075e+04 1.012970e+04 1.010782e+04 1.008887e+04
7.0 1.015431e+04 1.014811e+04 1.010765e+04 1.011385e+04
8.0 1.008800e+04 1.013561e+04 1.010759e+04 1.005998e+04
1.0 1.012829e+04 1.009106e+04 1.009695e+04 1.013418e+04
2.0 1.010217e+04 1.007411e+04 1.009788e+04 1.012593e+04
3.0 1.010320e+04 1.006909e+04 1.009526e+04 1.012937e+04
4.0 1.006698e+04 1.008098e+04 1.010661e+04 1.009261e+04
5.0 1.012730e+04 1.010779e+04 1.010924e+04 1.012875e+04
6.0 1.016672e+04 1.013550e+04 1.010866e+04 1.013988e+04
7.0 1.006841e+04 1.009792e+04 1.010799e+04 1.007847e+04
8.0 1.006834e+04 1.008615e+04 1.010781e+04 1.009000e+04
0.6 1.010217e+04 1.007411e+04 1.009788e+04 1.012593e+04
1.6 1.010320e+04 1.006909e+04 1.009526e+04 1.012937e+04
2.6 1.006698e+04 1.008098e+04 1.010661e+04 1.009261e+04
3.6 1.012730e+04 1.010779e+04 1.010924e+04 1.012875e+04
4.6 1.016672e+04 1.013550e+04 1.010866e+04 1.013988e+04
5.6 1.006841e+04 1.009792e+04 1.010799e+04 1.007847e+04
6.6 1.006834e+04 1.008615e+04 1.010781e+04 1.009000e+04
7.6 1.004514e+04 1.008727e+04 1.010784e+04 1.006571e+04
0.9 1.013136e+04 1.010350e+04 1.010120e+04 1.012905e+04
1.9 1.011992e+04 1.007763e+04 1.010005e+04 1.014233e+04
2.9 1.013623e+04 1.008970e+04 1.010872e+04 1.015525e+04
3.9 1.010969e+04 1.008787e+04 1.010005e+04 1.012187e+04
4.9 1.005380e+04 1.008836e+04 1.010059e+04 1.006603e+04
5.9 1.007775e+04 1.008675e+04 1.009756e+04 1.008856e+04
6.9 1.007664e+04 1.008059e+04 1.009634e+04 1.009240e+04
7.9 1.014397e+04 1.010608e+04 1.010564e+04 1.014354e+04
1.0 1.010969e+04 1.008787e+04 1.010005e+04 1.012187e+04
2.0 1.005380e+04 1.008836e+04 1.010059e+04 1.006603e+04
3.0 1.007775e+04 1.008675e+04 1.009756e+04 1.008856e+04
4.0 1.007664e+04 1.008059e+04 1.009634e+04 1.009240e+04
5.0 1.014397e+04 1.010608e+04 1.010564e+04 1.014354e+04
6.0 1.012374e+04 1.014681e+04 1.011117e+04 1.008810e+04
7.0 1.014270e+04 1.009891e+04 1.009800e+04 1.014179e+04
8.0 1.008535e+04 1.008175e+04 1.009823e+04 1.010183e+04
0.6 1.005380e+04 1.008836e+04 1.010059e+04 1.006603e+04
1.6 1.007775e+04 1.008675e+04 1.009756e+04 1.008856e+04
2.6 1.007664e+04 1.008059e+04 1.009634e+04 1.009240e+04
3.6 1.014397e+04 1.010608e+04 1.010564e+04 1.014354e+04
4.6 1.012374e+04 1.014681e+04 1.011117e+04 1.008810e+04
5.6 1.014270e+04 1.009891e+04 1.009800e+04 1.014179e+04
6.6 1.008535e+04 1.008175e+04 1.009823e+04 1.010183e+04
7.6 1.004649e+04 1.008312e+04 1.010159e+04 1.006496e+04
0.2 1.007775e+04 1.008675e+04 1.009756e+04 1.008856e+04
1.2 1.007664e+04 1.008059e+04 1.009634e+04 1.009240e+04
2.2 1.014397e+04 1.010608e+04 1.010564e+04 1.014354e+04
3.2 1.012374e+04 1.014681e+04 1.011117e+04 1.008810e+04
4.2 1.014270e+04 1.009891e+04 1.009800e+04 1.014179e+04
5.2 1.008535e+04 1.008175e+04 1.009823e+04 1.010183e+04
6.2 1.004649e+04 1.008312e+04 1.010159e+04 1.006496e+04
7.2 1.008609e+04 1.009902e+04 1.011038e+04 1.009746e+04
0.3 1.012374e+04 1.014681e+04 1.011117e+04 1.008810e+04
1.3 1.014270e+04 1.009891e+04 1.009800e+04 1.014179e+04
2.3 1.008535e+04 1.008175e+04 1.009823e+04 1.010183e+04
3.3 1.004649e+04 1.008312e+04 1.010159e+04 1.006496e+04
4.3 1.008609e+04 1.009902e+04 1.011038e+04 1.009746e+04
5.3 1.008842e+04 1.009368e+04 1.010090e+04 1.009564e+04
6.3 1.009643e+04 1.009167e+04 1.010096e+04 1.010573e+04
7.3 1.003578e+04 1.008440e+04 1.009772e+04 1.004909e+04
0.9 1.008535e+04 1.008175e+04 1.009823e+04 1.010183e+04
1.9 1.004649e+04 1.008312e+04 1.010159e+04 1.006496e+04
2.9 1.008609e+04 1.009902e+04 1.011038e+04 1.009746e+04
3.9 1.008842e+04 1.009368e+04 1.010090e+04 1.009564e+04
4.9 1.009643e+04 1.009167e+04 1.010096e+04 1.010573e+04
5.9 1.003578e+04 1.008440e+04 1.009772e+04 1.004909e+04
6.9 1.012423e+04 1.009336e+04 1.010884e+04 1.013972e+04
7.9 1.009562e+04 1.010013e+04 1.011137e+04 1.010685e+04
1.0 1.008842e+04 1.009368e+04 1.010090e+04 1.009564e+04
2.0 1.009643e+04 1.009167e+04 1.010096e+04 1.010573e+04
3.0 1.003578e+04 1.008440e+04 1.009772e+04 1.004909e+04
4.0 1.012423e+04 1.009336e+04 1.010884e+04 1.013972e+04
5.0 1.009562e+04 1.010013e+04 1.011137e+04 1.010685e+04
6.0 1.013484e+04 1.010057e+04 1.011070e+04 1.014497e+04
7.0 1.011259e+04 1.009819e+04 1.010994e+04 1.012434e+04
8.0 1.014377e+04 1.012894e+04 1.010966e+04 1.012449e+04
0.6 1.009643e+04 1.009167e+04 1.010096e+04 1.010573e+04
1.6 1.003578e+04 1.008440e+04 1.009772e+04 1.004909e+04
2.6 1.012423e+04 1.009336e+04 1.010884e+04 1.013972e+04
3.6 1.009562e+04 1.010013e+04 1.011137e+04 1.010685e+04
4.6 1.013484e+04 1.010057e+04 1.011070e+04 1.014497e+04
5.6 1.011259e+04 1.009819e+04 1.010994e+04 1.012434e+04
6.6 1.014377e+04 1.012894e+04 1.010966e+04 1.012449e+04
7.6 1.014313e+04 1.013669e+04 1.010959e+04 1.011603e+04
0.2 1.010824e+04 1.015260e+04 1.010954e+04 1.006517e+04
1.2 1.010088e+04 1.009517e+04 1.009706e+04 1.010276e+04
2.2 1.007430e+04 1.007976e+04 1.009892e+04 1.009346e+04
3.2 1.008441e+04 1.007868e+04 1.009912e+04 1.010486e+04
4.2 1.008455e+04 1.009406e+04 1.010941e+04 1.009990e+04
5.2 1.011030e+04 1.009371e+04 1.010336e+04 1.011995e+04
6.2 1.009109e+04 1.009055e+04 1.010065e+04 1.010119e+04
7.2 1.008957e+04 1.007867e+04 1.009601e+04 1.010691e+04
0.7 1.007430e+04 1.007976e+04 1.009892e+04 1.009346e+04
1.7 1.008441e+04 1.007868e+04 1.009912e+04 1.010486e+04
2.7 1.008455e+04 1.009406e+04 1.010941e+04 1.009990e+04
3.7 1.011030e+04 1.009371e+04 1.010336e+04 1.011995e+04
4.7 1.009109e+04 1.009055e+04 1.010065e+04 1.010119e+04
5.7 1.008957e+04 1.007867e+04 1.009601e+04 1.010691e+04
6.7 1.015240e+04 1.013024e+04 1.010757e+04 1.012973e+04
7.7 1.014187e+04 1.012830e+04 1.011107e+04 1.012465e+04
0.9 1.011030e+04 1.009371e+04 1.010336e+04 1.011995e+04
1.9 1.009109e+04 1.009055e+04 1.010065e+04 1.010119e+04
2.9 1.008957e+04 1.007867e+04 1.009601e+04 1.010691e+04
3.9 1.015240e+04 1.013024e+04 1.010757e+04 1.012973e+04
4.9 1.014187e+04 1.012830e+04 1.011107e+04 1.012465e+04
5.9 1.013102e+04 1.010364e+04 1.011059e+04 1.013797e+04
6.9 1.006483e+04 1.008302e+04 1.009727e+04 1.007908e+04
7.9 1.004517e+04 1.008144e+04 1.009877e+04 1.006250e+04
0.5 1.009109e+04 1.009055e+04 1.010065e+04 1.010119e+04
1.5 1.008957e+04 1.007867e+04 1.009601e+04 1.010691e+04
2.5 1.015240e+04 1.013024e+04 1.010757e+04 1.012973e+04
3.5 1.014187e+04 1.012830e+04 1.011107e+04 1.012465e+04
4.5 1.013102e+04 1.010364e+04 1.011059e+04 1.013797e+04
5.5 1.006483e+04 1.008302e+04 1.009727e+04 1.007908e+04
6.5 1.004517e+04 1.008144e+04 1.009877e+04 1.006250e+04
7.5 1.007371e+04 1.007993e+04 1.009884e+04 1.009263e+04
0.2 1.013102e+04 1.010364e+04 1.011059e+04 1.013797e+04
1.2 1.006483e+04 1.008302e+04 1.009727e+04 1.007908e+04
2.2 1.004517e+04 1.008144e+04 1.009877e+04 1.006250e+04
3.2 1.007371e+04 1.007993e+04 1.009884e+04 1.009263e+04
4.2 1.009472e+04 1.009269e+04 1.010905e+04 1.011108e+04
5.2 1.009001e+04 1.009082e+04 1.010293e+04 1.010211e+04
6.2 1.007529e+04 1.008378e+04 1.010080e+04 1.009231e+04
7.2 1.015389e+04 1.014046e+04 1.010859e+04 1.012202e+04
0.7 1.004517e+04 1.008144e+04 1.009877e+04 1.006250e+04
1.7 1.007371e+04 1.007993e+04 1.009884e+04 1.009263e+04
2.7 1.009472e+04 1.009269e+04 1.010905e+04 1.011108e+04
3.7 1.009001e+04 1.009082e+04 1.010293e+04 1.010211e+04
4.7 1.007529e+04 1.008378e+04 1.010080e+04 1.009231e+04
5.7 1.015389e+04 1.014046e+04 1.010859e+04 1.012202e+04
6.7 1.013254e+04 1.015007e+04 1.011007e+04 1.009254e+04
7.7 1.018453e+04 1.012933e+04 1.010943e+04 1.016462e+04
0.9 1.009001e+04 1.009082e+04 1.010293e+04 1.010211e+04
1.9 1.007529e+04 1.008378e+04 1.010080e+04 1.009231e+04
2.9 1.015389e+04 1.014046e+04 1.010859e+04 1.012202e+04
3.9 1.013254e+04 1.015007e+04 1.011007e+04 1.009254e+04
4.9 1.018453e+04 1.012933e+04 1.010943e+04 1.016462e+04
5.9 1.017891e+04 1.013747e+04 1.010882e+04 1.015026e+04
6.9 1.010833e+04 1.014592e+04 1.010856e+04 1.007097e+04
7.9 1.008094e+04 1.011041e+04 1.010842e+04 1.007895e+04
0.9 1.011031e+04 1.008324e+04 1.010023e+04 1.012730e+04
1.9 1.004472e+04 1.008123e+04 1.009817e+04 1.006166e+04
2.9 1.004782e+04 1.007212e+04 1.009406e+04 1.006975e+04
3.9 1.001680e+04 1.008137e+04 1.010571e+04 1.004114e+04
4.9 1.007885e+04 1.009014e+04 1.010691e+04 1.009562e+04
5.9 1.006456e+04 1.007381e+04 1.009630e+04 1.008705e+04
6.9 1.014445e+04 1.012882e+04 1.010544e+04 1.012107e+04
7.9 1.016500e+04 1.011053e+04 1.010814e+04 1.016262e+04
0.5 1.004472e+04 1.008123e+04 1.009817e+04 1.006166e+04
1.5 1.004782e+04 1.007212e+04 1.009406e+04 1.006975e+04
2.5 1.001680e+04 1.008137e+04 1.010571e+04 1.004114e+04
3.5 1.007885e+04 1.009014e+04 1.010691e+04 1.009562e+04
4.5 1.006456e+04 1.007381e+04 1.009630e+04 1.008705e+04
5.5 1.014445e+04 1.012882e+04 1.010544e+04 1.012107e+04
6.5 1.016500e+04 1.011053e+04 1.010814e+04 1.016262e+04
7.5 1.011996e+04 1.008241e+04 1.010769e+04 1.014524e+04
0.6 1.007885e+04 1.009014e+04 1.010691e+04 1.009562e+04
1.6 1.006456e+04 1.007381e+04 1.009630e+04 1.008705e+04
2.6 1.014445e+04 1.012882e+04 1.010544e+04 1.012107e+04
3.6 1.016500e+04 1.011053e+04 1.010814e+04 1.016262e+04
4.6 1.011996e+04 1.008241e+04 1.010769e+04 1.014524e+04
5.6 1.012958e+04 1.012993e+04 1.010687e+04 1.010652e+04
6.6 1.011072e+04 1.012893e+04 1.010641e+04 1.008821e+04
7.6 1.012309e+04 1.011549e+04 1.010611e+04 1.011372e+04
