0.9 9.960152e+03 9.902300e+03 9.887598e+03 9.945450e+03
1.9 9.904958e+03 9.897822e+03 9.893618e+03 9.900754e+03
2.9 9.729068e+03 9.849481e+03 9.842931e+03 9.722518e+03
3.9 9.854573e+03 9.818431e+03 9.831427e+03 9.867569e+03
4.9 9.813377e+03 9.838527e+03 9.846096e+03 9.820946e+03
5.9 9.934031e+03 9.907639e+03 9.905892e+03 9.932284e+03
6.9 9.834758e+03 9.850630e+03 9.847481e+03 9.831609e+03
7.9 9.924592e+03 9.869517e+03 9.856219e+03 9.911294e+03
0.6 9.813377e+03 9.838527e+03 9.846096e+03 9.820946e+03
1.6 9.934031e+03 9.907639e+03 9.905892e+03 9.932284e+03
2.6 9.834758e+03 9.850630e+03 9.847481e+03 9.831609e+03
3.6 9.924592e+03 9.869517e+03 9.856219e+03 9.911294e+03
4.6 9.889185e+03 9.905363e+03 9.891812e+03 9.875633e+03
5.6 9.842555e+03 9.922795e+03 9.916294e+03 9.836054e+03
6.6 9.853197e+03 9.898516e+03 9.896790e+03 9.851471e+03
7.6 9.787600e+03 9.887422e+03 9.880742e+03 9.780920e+03
0.7 9.924592e+03 9.869517e+03 9.856219e+03 9.911294e+03
1.7 9.889185e+03 9.905363e+03 9.891812e+03 9.875633e+03
2.7 9.842555e+03 9.922795e+03 9.916294e+03 9.836054e+03
3.7 9.853197e+03 9.898516e+03 9.896790e+03 9.851471e+03
4.7 9.787600e+03 9.887422e+03 9.880742e+03 9.780920e+03
5.7 9.918212e+03 9.911378e+03 9.904604e+03 9.911438e+03
6.7 9.876705e+03 9.818268e+03 9.841140e+03 9.899578e+03
7.7 9.830889e+03 9.805285e+03 9.822571e+03 9.848175e+03
0.3 9.889185e+03 9.905363e+03 9.891812e+03 9.875633e+03
1.3 9.842555e+03 9.922795e+03 9.916294e+03 9.836054e+03
2.3 9.853197e+03 9.898516e+03 9.896790e+03 9.851471e+03
3.3 9.787600e+03 9.887422e+03 9.880742e+03 9.780920e+03
4.3 9.918212e+03 9.911378e+03 9.904604e+03 9.911438e+03
5.3 9.876705e+03 9.818268e+03 9.841140e+03 9.899578e+03
6.3 9.830889e+03 9.805285e+03 9.822571e+03 9.848175e+03
7.3 9.807230e+03 9.799272e+03 9.825600e+03 9.833559e+03
0.9 9.853197e+03 9.898516e+03 9.896790e+03 9.851471e+03
1.9 9.787600e+03 9.887422e+03 9.880742e+03 9.780920e+03
2.9 9.918212e+03 9.911378e+03 9.904604e+03 9.911438e+03
3.9 9.876705e+03 9.818268e+03 9.841140e+03 9.899578e+03
4.9 9.830889e+03 9.805285e+03 9.822571e+03 9.848175e+03
5.9 9.807230e+03 9.799272e+03 9.825600e+03 9.833559e+03
6.9 9.883988e+03 9.830504e+03 9.830311e+03 9.883795e+03
7.9 9.918047e+03 9.876090e+03 9.859999e+03 9.901955e+03
0.5 9.787600e+03 9.887422e+03 9.880742e+03 9.780920e+03
1.5 9.918212e+03 9.911378e+03 9.904604e+03 9.911438e+03
2.5 9.876705e+03 9.818268e+03 9.841140e+03 9.899578e+03
3.5 9.830889e+03 9.805285e+03 9.822571e+03 9.848175e+03
4.5 9.807230e+03 9.799272e+03 9.825600e+03 9.833559e+03
5.5 9.883988e+03 9.830504e+03 9.830311e+03 9.883795e+03
6.5 9.918047e+03 9.876090e+03 9.859999e+03 9.901955e+03
7.5 9.868767e+03 9.901841e+03 9.895180e+03 9.862106e+03
0.7 9.918047e+03 9.876090e+03 9.859999e+03 9.901955e+03
1.7 9.868767e+03 9.901841e+03 9.895180e+03 9.862106e+03
2.7 9.795323e+03 9.839909e+03 9.840389e+03 9.795803e+03
3.7 9.843397e+03 9.831959e+03 9.826608e+03 9.838047e+03
4.7 9.750107e+03 9.836312e+03 9.829053e+03 9.742848e+03
5.7 9.860072e+03 9.839884e+03 9.832586e+03 9.852774e+03
6.7 9.826279e+03 9.842695e+03 9.834035e+03 9.817619e+03
7.7 9.871569e+03 9.862884e+03 9.847478e+03 9.856163e+03
0.6 9.871569e+03 9.862884e+03 9.847478e+03 9.856163e+03
1.6 9.815495e+03 9.921359e+03 9.905834e+03 9.799971e+03
2.6 9.950947e+03 9.925840e+03 9.920048e+03 9.945155e+03
3.6 9.960037e+03 9.896069e+03 9.891340e+03 9.955308e+03
4.6 9.904303e+03 9.903029e+03 9.892246e+03 9.893520e+03
5.6 9.914984e+03 9.921643e+03 9.913384e+03 9.906726e+03
6.6 9.863115e+03 9.839448e+03 9.853230e+03 9.876898e+03
7.6 9.844330e+03 9.811085e+03 9.829081e+03 9.862326e+03
0.2 9.815495e+03 9.921359e+03 9.905834e+03 9.799971e+03
1.2 9.950947e+03 9.925840e+03 9.920048e+03 9.945155e+03
2.2 9.960037e+03 9.896069e+03 9.891340e+03 9.955308e+03
3.2 9.904303e+03 9.903029e+03 9.892246e+03 9.893520e+03
4.2 9.914984e+03 9.921643e+03 9.913384e+03 9.906726e+03
5.2 9.863115e+03 9.839448e+03 9.853230e+03 9.876898e+03
6.2 9.844330e+03 9.811085e+03 9.829081e+03 9.862326e+03
7.2 9.868724e+03 9.840849e+03 9.831287e+03 9.859162e+03
0.7 9.960037e+03 9.896069e+03 9.891340e+03 9.955308e+03
1.7 9.904303e+03 9.903029e+03 9.892246e+03 9.893520e+03
2.7 9.914984e+03 9.921643e+03 9.913384e+03 9.906726e+03
3.7 9.863115e+03 9.839448e+03 9.853230e+03 9.876898e+03
4.7 9.844330e+03 9.811085e+03 9.829081e+03 9.862326e+03
5.7 9.868724e+03 9.840849e+03 9.831287e+03 9.859162e+03
6.7 9.807313e+03 9.830687e+03 9.836821e+03 9.813447e+03
7.7 9.827540e+03 9.831082e+03 9.839521e+03 9.835978e+03
0.3 9.904303e+03 9.903029e+03 9.892246e+03 9.893520e+03
1.3 9.914984e+03 9.921643e+03 9.913384e+03 9.906726e+03
2.3 9.863115e+03 9.839448e+03 9.853230e+03 9.876898e+03
3.3 9.844330e+03 9.811085e+03 9.829081e+03 9.862326e+03
4.3 9.868724e+03 9.840849e+03 9.831287e+03 9.859162e+03
5.3 9.807313e+03 9.830687e+03 9.836821e+03 9.813447e+03
6.3 9.827540e+03 9.831082e+03 9.839521e+03 9.835978e+03
7.3 9.829298e+03 9.825765e+03 9.840531e+03 9.844064e+03
0.7 9.841049e+03 9.869987e+03 9.869352e+03 9.840413e+03
1.7 9.857420e+03 9.920322e+03 9.904431e+03 9.841529e+03
2.7 9.957953e+03 9.832604e+03 9.849745e+03 9.975095e+03
3.7 9.853689e+03 9.817065e+03 9.835972e+03 9.872597e+03
4.7 9.843693e+03 9.824581e+03 9.838368e+03 9.857480e+03
5.7 9.787180e+03 9.855141e+03 9.841766e+03 9.773804e+03
6.7 9.871942e+03 9.838694e+03 9.842972e+03 9.876221e+03
7.7 9.819297e+03 9.835596e+03 9.843214e+03 9.826916e+03
0.9 9.949923e+03 9.904712e+03 9.887912e+03 9.933123e+03
1.9 9.905604e+03 9.900769e+03 9.895178e+03 9.900014e+03
2.9 9.856715e+03 9.856291e+03 9.845593e+03 9.846018e+03
3.9 9.976183e+03 9.912047e+03 9.896237e+03 9.960373e+03
4.9 9.941521e+03 9.905524e+03 9.893484e+03 9.929481e+03
5.9 9.787578e+03 9.922886e+03 9.911343e+03 9.776036e+03
6.9 9.828339e+03 9.824563e+03 9.846459e+03 9.850235e+03
7.9 9.851934e+03 9.814801e+03 9.831318e+03 9.868451e+03
1.0 9.976183e+03 9.912047e+03 9.896237e+03 9.960373e+03
2.0 9.941521e+03 9.905524e+03 9.893484e+03 9.929481e+03
3.0 9.787578e+03 9.922886e+03 9.911343e+03 9.776036e+03
4.0 9.828339e+03 9.824563e+03 9.846459e+03 9.850235e+03
5.0 9.851934e+03 9.814801e+03 9.831318e+03 9.868451e+03
6.0 9.742774e+03 9.816318e+03 9.834725e+03 9.761182e+03
7.0 9.774879e+03 9.847191e+03 9.838665e+03 9.766353e+03
8.0 9.870293e+03 9.840886e+03 9.839832e+03 9.869239e+03
0.6 9.941521e+03 9.905524e+03 9.893484e+03 9.929481e+03
1.6 9.787578e+03 9.922886e+03 9.911343e+03 9.776036e+03
2.6 9.828339e+03 9.824563e+03 9.846459e+03 9.850235e+03
3.6 9.851934e+03 9.814801e+03 9.831318e+03 9.868451e+03
4.6 9.742774e+03 9.816318e+03 9.834725e+03 9.761182e+03
5.6 9.774879e+03 9.847191e+03 9.838665e+03 9.766353e+03
6.6 9.870293e+03 9.840886e+03 9.839832e+03 9.869239e+03
7.6 9.883213e+03 9.833709e+03 9.839841e+03 9.889345e+03
1.0 9.912396e+03 9.902860e+03 9.900436e+03 9.909972e+03
2.0 9.844755e+03 9.887032e+03 9.881841e+03 9.839564e+03
3.0 9.846935e+03 9.853440e+03 9.838829e+03 9.832323e+03
4.0 9.817053e+03 9.819354e+03 9.831365e+03 9.829064e+03
5.0 9.748143e+03 9.819753e+03 9.834417e+03 9.762807e+03
6.0 9.838267e+03 9.817093e+03 9.836598e+03 9.857771e+03
7.0 9.814163e+03 9.844129e+03 9.836925e+03 9.806958e+03
8.0 9.804370e+03 9.836673e+03 9.836656e+03 9.804353e+03
0.5 9.848408e+03 9.835884e+03 9.840028e+03 9.852552e+03
1.5 9.904435e+03 9.923578e+03 9.911986e+03 9.892842e+03
2.5 9.989208e+03 9.922769e+03 9.914846e+03 9.981284e+03
3.5 9.951417e+03 9.894452e+03 9.885437e+03 9.942402e+03
4.5 9.940195e+03 9.911706e+03 9.899863e+03 9.928352e+03
5.5 9.872960e+03 9.912984e+03 9.909716e+03 9.869692e+03
6.5 9.826224e+03 9.855553e+03 9.857286e+03 9.827957e+03
7.5 9.875872e+03 9.829031e+03 9.824965e+03 9.871806e+03
1.0 9.989208e+03 9.922769e+03 9.914846e+03 9.981284e+03
2.0 9.951417e+03 9.894452e+03 9.885437e+03 9.942402e+03
3.0 9.940195e+03 9.911706e+03 9.899863e+03 9.928352e+03
4.0 9.872960e+03 9.912984e+03 9.909716e+03 9.869692e+03
5.0 9.826224e+03 9.855553e+03 9.857286e+03 9.827957e+03
6.0 9.875872e+03 9.829031e+03 9.824965e+03 9.871806e+03
7.0 9.795579e+03 9.836541e+03 9.824278e+03 9.783316e+03
8.0 9.909763e+03 9.824004e+03 9.828860e+03 9.914619e+03
0.6 9.951417e+03 9.894452e+03 9.885437e+03 9.942402e+03
1.6 9.940195e+03 9.911706e+03 9.899863e+03 9.928352e+03
2.6 9.872960e+03 9.912984e+03 9.909716e+03 9.869692e+03
3.6 9.826224e+03 9.855553e+03 9.857286e+03 9.827957e+03
4.6 9.875872e+03 9.829031e+03 9.824965e+03 9.871806e+03
5.6 9.795579e+03 9.836541e+03 9.824278e+03 9.783316e+03
6.6 9.909763e+03 9.824004e+03 9.828860e+03 9.914619e+03
7.6 9.795910e+03 9.818504e+03 9.830757e+03 9.808163e+03
0.2 9.940195e+03 9.911706e+03 9.899863e+03 9.928352e+03
1.2 9.872960e+03 9.912984e+03 9.909716e+03 9.869692e+03
2.2 9.826224e+03 9.855553e+03 9.857286e+03 9.827957e+03
3.2 9.875872e+03 9.829031e+03 9.824965e+03 9.871806e+03
4.2 9.795579e+03 9.836541e+03 9.824278e+03 9.783316e+03
5.2 9.909763e+03 9.824004e+03 9.828860e+03 9.914619e+03
6.2 9.795910e+03 9.818504e+03 9.830757e+03 9.808163e+03
7.2 9.742030e+03 9.801211e+03 9.830682e+03 9.771501e+03
0.2 9.677110e+03 9.816933e+03 9.828206e+03 9.688384e+03
1.2 9.943795e+03 9.897255e+03 9.899279e+03 9.945819e+03
2.2 9.907892e+03 9.856729e+03 9.859514e+03 9.910676e+03
3.2 9.833608e+03 9.833677e+03 9.822781e+03 9.822712e+03
4.2 9.968736e+03 9.905850e+03 9.893448e+03 9.956335e+03
5.2 9.860848e+03 9.890061e+03 9.889136e+03 9.859922e+03
6.2 9.883230e+03 9.874365e+03 9.871406e+03 9.880272e+03
7.2 9.952052e+03 9.887455e+03 9.890855e+03 9.955452e+03
0.3 9.833608e+03 9.833677e+03 9.822781e+03 9.822712e+03
1.3 9.968736e+03 9.905850e+03 9.893448e+03 9.956335e+03
2.3 9.860848e+03 9.890061e+03 9.889136e+03 9.859922e+03
3.3 9.883230e+03 9.874365e+03 9.871406e+03 9.880272e+03
4.3 9.952052e+03 9.887455e+03 9.890855e+03 9.955452e+03
0.9 9.860848e+03 9.890061e+03 9.889136e+03 9.859922e+03
1.9 9.883230e+03 9.874365e+03 9.871406e+03 9.880272e+03
2.9 9.952052e+03 9.887455e+03 9.890855e+03 9.955452e+03
0.5 9.883230e+03 9.874365e+03 9.871406e+03 9.880272e+03
1.5 9.952052e+03 9.887455e+03 9.890855e+03 9.955452e+03
