0.9 1.000692e+04 1.007021e+04 1.007972e+04 1.001642e+04
1.9 1.010381e+04 1.007615e+04 1.008807e+04 1.011573e+04
2.9 9.951484e+03 1.003475e+04 1.001778e+04 9.934514e+03
3.9 1.007601e+04 1.004362e+04 1.000183e+04 1.003423e+04
4.9 9.915884e+03 1.001361e+04 1.002217e+04 9.924448e+03
5.9 1.003814e+04 1.007435e+04 1.010509e+04 1.006889e+04
6.9 1.010118e+04 1.000696e+04 1.002409e+04 1.011831e+04
7.9 1.008126e+04 1.003669e+04 1.003621e+04 1.008078e+04
0.6 9.915884e+03 1.001361e+04 1.002217e+04 9.924448e+03
1.6 1.003814e+04 1.007435e+04 1.010509e+04 1.006889e+04
2.6 1.010118e+04 1.000696e+04 1.002409e+04 1.011831e+04
3.6 1.008126e+04 1.003669e+04 1.003621e+04 1.008078e+04
4.6 1.011034e+04 1.008767e+04 1.008556e+04 1.010824e+04
5.6 1.011314e+04 1.011405e+04 1.011951e+04 1.011860e+04
6.6 1.012382e+04 1.008198e+04 1.009247e+04 1.013431e+04
7.6 1.006972e+04 1.006501e+04 1.007021e+04 1.007492e+04
0.7 1.008126e+04 1.003669e+04 1.003621e+04 1.008078e+04
1.7 1.011034e+04 1.008767e+04 1.008556e+04 1.010824e+04
2.7 1.011314e+04 1.011405e+04 1.011951e+04 1.011860e+04
3.7 1.012382e+04 1.008198e+04 1.009247e+04 1.013431e+04
4.7 1.006972e+04 1.006501e+04 1.007021e+04 1.007492e+04
5.7 1.010497e+04 1.012209e+04 1.010330e+04 1.008618e+04
6.7 1.012239e+04 1.005323e+04 1.001530e+04 1.008446e+04
7.7 9.937448e+03 1.001077e+04 9.989547e+03 9.916225e+03
0.3 1.011034e+04 1.008767e+04 1.008556e+04 1.010824e+04
1.3 1.011314e+04 1.011405e+04 1.011951e+04 1.011860e+04
2.3 1.012382e+04 1.008198e+04 1.009247e+04 1.013431e+04
3.3 1.006972e+04 1.006501e+04 1.007021e+04 1.007492e+04
4.3 1.010497e+04 1.012209e+04 1.010330e+04 1.008618e+04
5.3 1.012239e+04 1.005323e+04 1.001530e+04 1.008446e+04
6.3 9.937448e+03 1.001077e+04 9.989547e+03 9.916225e+03
7.3 1.003983e+04 9.994984e+03 9.993748e+03 1.003860e+04
0.9 1.012382e+04 1.008198e+04 1.009247e+04 1.013431e+04
1.9 1.006972e+04 1.006501e+04 1.007021e+04 1.007492e+04
2.9 1.010497e+04 1.012209e+04 1.010330e+04 1.008618e+04
3.9 1.012239e+04 1.005323e+04 1.001530e+04 1.008446e+04
4.9 9.937448e+03 1.001077e+04 9.989547e+03 9.916225e+03
5.9 1.003983e+04 9.994984e+03 9.993748e+03 1.003860e+04
6.9 9.943671e+03 9.961306e+03 1.000028e+04 9.982646e+03
7.9 1.006297e+04 1.003307e+04 1.004145e+04 1.007135e+04
0.5 1.006972e+04 1.006501e+04 1.007021e+04 1.007492e+04
1.5 1.010497e+04 1.012209e+04 1.010330e+04 1.008618e+04
2.5 1.012239e+04 1.005323e+04 1.001530e+04 1.008446e+04
3.5 9.937448e+03 1.001077e+04 9.989547e+03 9.916225e+03
4.5 1.003983e+04 9.994984e+03 9.993748e+03 1.003860e+04
5.5 9.943671e+03 9.961306e+03 1.000028e+04 9.982646e+03
6.5 1.006297e+04 1.003307e+04 1.004145e+04 1.007135e+04
7.5 1.010633e+04 1.008227e+04 1.009023e+04 1.011429e+04
0.7 1.006297e+04 1.003307e+04 1.004145e+04 1.007135e+04
1.7 1.010633e+04 1.008227e+04 1.009023e+04 1.011429e+04
2.7 9.932493e+03 1.000119e+04 1.001426e+04 9.945564e+03
3.7 9.959361e+03 9.987523e+03 9.995146e+03 9.966984e+03
4.7 9.996803e+03 9.992140e+03 9.998536e+03 1.000320e+04
5.7 9.920902e+03 9.996468e+03 1.000344e+04 9.927870e+03
6.7 9.940971e+03 9.999300e+03 1.000545e+04 9.947116e+03
7.7 1.003570e+04 1.002437e+04 1.002409e+04 1.003542e+04
0.6 1.003570e+04 1.002437e+04 1.002409e+04 1.003542e+04
1.6 1.011130e+04 1.010473e+04 1.010501e+04 1.011158e+04
2.6 1.006831e+04 1.011346e+04 1.012472e+04 1.007957e+04
3.6 1.002663e+04 1.007180e+04 1.008491e+04 1.003974e+04
4.6 1.001790e+04 1.007868e+04 1.008617e+04 1.002539e+04
5.6 1.016394e+04 1.012223e+04 1.011548e+04 1.015719e+04
6.6 1.001509e+04 1.005665e+04 1.003206e+04 9.990511e+03
7.6 9.950229e+03 9.987544e+03 9.998575e+03 9.961259e+03
0.2 1.011130e+04 1.010473e+04 1.010501e+04 1.011158e+04
1.2 1.006831e+04 1.011346e+04 1.012472e+04 1.007957e+04
2.2 1.002663e+04 1.007180e+04 1.008491e+04 1.003974e+04
3.2 1.001790e+04 1.007868e+04 1.008617e+04 1.002539e+04
4.2 1.016394e+04 1.012223e+04 1.011548e+04 1.015719e+04
5.2 1.001509e+04 1.005665e+04 1.003206e+04 9.990511e+03
6.2 9.950229e+03 9.987544e+03 9.998575e+03 9.961259e+03
7.2 1.001335e+04 9.993578e+03 1.000164e+04 1.002141e+04
0.7 1.002663e+04 1.007180e+04 1.008491e+04 1.003974e+04
1.7 1.001790e+04 1.007868e+04 1.008617e+04 1.002539e+04
2.7 1.016394e+04 1.012223e+04 1.011548e+04 1.015719e+04
3.7 1.001509e+04 1.005665e+04 1.003206e+04 9.990511e+03
4.7 9.950229e+03 9.987544e+03 9.998575e+03 9.961259e+03
5.7 1.001335e+04 9.993578e+03 1.000164e+04 1.002141e+04
6.7 1.016254e+04 1.004604e+04 1.000931e+04 1.012581e+04
7.7 9.965705e+03 1.003194e+04 1.001305e+04 9.946819e+03
0.3 1.001790e+04 1.007868e+04 1.008617e+04 1.002539e+04
1.3 1.016394e+04 1.012223e+04 1.011548e+04 1.015719e+04
2.3 1.001509e+04 1.005665e+04 1.003206e+04 9.990511e+03
3.3 9.950229e+03 9.987544e+03 9.998575e+03 9.961259e+03
4.3 1.001335e+04 9.993578e+03 1.000164e+04 1.002141e+04
5.3 1.016254e+04 1.004604e+04 1.000931e+04 1.012581e+04
6.3 9.965705e+03 1.003194e+04 1.001305e+04 9.946819e+03
7.3 9.966199e+03 1.004570e+04 1.001445e+04 9.934957e+03
0.7 1.010941e+04 1.001881e+04 1.005442e+04 1.014502e+04
1.7 1.009765e+04 1.010674e+04 1.010306e+04 1.009397e+04
2.7 1.007763e+04 1.007338e+04 1.002723e+04 1.003148e+04
3.7 1.006088e+04 1.001404e+04 1.000813e+04 1.005497e+04
4.7 1.003785e+04 9.986804e+03 1.001145e+04 1.006250e+04
5.7 9.972184e+03 1.000544e+04 1.001617e+04 9.982906e+03
6.7 1.015684e+04 1.005523e+04 1.001784e+04 1.011945e+04
7.7 1.001020e+04 1.003765e+04 1.001817e+04 9.990721e+03
0.9 1.009380e+04 1.007584e+04 1.008016e+04 1.009812e+04
1.9 9.982363e+03 1.007393e+04 1.009023e+04 9.998668e+03
2.9 9.942389e+03 1.001052e+04 1.002147e+04 9.953337e+03
3.9 1.009154e+04 1.008614e+04 1.009170e+04 1.009710e+04
4.9 1.006238e+04 1.007838e+04 1.008788e+04 1.007188e+04
5.9 1.010586e+04 1.013077e+04 1.011265e+04 1.008774e+04
6.9 1.012497e+04 1.006328e+04 1.002267e+04 1.008437e+04
7.9 9.979527e+03 1.001012e+04 1.000168e+04 9.971085e+03
1.0 1.009154e+04 1.008614e+04 1.009170e+04 1.009710e+04
2.0 1.006238e+04 1.007838e+04 1.008788e+04 1.007188e+04
3.0 1.010586e+04 1.013077e+04 1.011265e+04 1.008774e+04
4.0 1.012497e+04 1.006328e+04 1.002267e+04 1.008437e+04
5.0 9.979527e+03 1.001012e+04 1.000168e+04 9.971085e+03
6.0 9.985826e+03 9.992854e+03 1.000640e+04 9.999374e+03
7.0 1.004918e+04 9.989779e+03 1.001187e+04 1.007126e+04
8.0 1.000893e+04 1.004278e+04 1.001348e+04 9.979634e+03
0.6 1.006238e+04 1.007838e+04 1.008788e+04 1.007188e+04
1.6 1.010586e+04 1.013077e+04 1.011265e+04 1.008774e+04
2.6 1.012497e+04 1.006328e+04 1.002267e+04 1.008437e+04
3.6 9.979527e+03 1.001012e+04 1.000168e+04 9.971085e+03
4.6 9.985826e+03 9.992854e+03 1.000640e+04 9.999374e+03
5.6 1.004918e+04 9.989779e+03 1.001187e+04 1.007126e+04
6.6 1.000893e+04 1.004278e+04 1.001348e+04 9.979634e+03
7.6 9.943643e+03 1.004548e+04 1.001350e+04 9.911662e+03
1.0 1.012046e+04 1.005371e+04 1.009752e+04 1.016428e+04
2.0 1.008642e+04 1.004065e+04 1.007174e+04 1.011751e+04
3.0 1.009116e+04 1.003120e+04 1.001209e+04 1.007205e+04
4.0 1.007622e+04 1.005439e+04 1.000174e+04 1.002357e+04
5.0 9.869172e+03 1.001821e+04 1.000598e+04 9.856934e+03
6.0 9.973243e+03 9.996152e+03 1.000900e+04 9.986090e+03
7.0 1.003129e+04 9.988100e+03 1.000945e+04 1.005264e+04
8.0 1.012071e+04 1.003829e+04 1.000908e+04 1.009150e+04
0.5 9.988903e+03 1.001778e+04 1.001376e+04 9.984876e+03
1.5 1.012589e+04 1.008737e+04 1.011354e+04 1.015206e+04
2.5 1.002967e+04 1.009916e+04 1.011751e+04 1.004802e+04
3.5 1.001478e+04 1.006742e+04 1.007672e+04 1.002408e+04
4.5 1.015386e+04 1.009255e+04 1.009673e+04 1.015805e+04
5.5 1.013427e+04 1.009743e+04 1.011039e+04 1.014724e+04
6.5 9.949276e+03 1.001982e+04 1.003769e+04 9.967146e+03
7.5 9.993045e+03 9.981628e+03 9.992868e+03 1.000428e+04
1.0 1.002967e+04 1.009916e+04 1.011751e+04 1.004802e+04
2.0 1.001478e+04 1.006742e+04 1.007672e+04 1.002408e+04
3.0 1.015386e+04 1.009255e+04 1.009673e+04 1.015805e+04
4.0 1.013427e+04 1.009743e+04 1.011039e+04 1.014724e+04
5.0 9.949276e+03 1.001982e+04 1.003769e+04 9.967146e+03
6.0 9.993045e+03 9.981628e+03 9.992868e+03 1.000428e+04
7.0 1.002027e+04 1.000754e+04 9.991915e+03 1.000465e+04
8.0 1.006256e+04 1.003971e+04 9.998269e+03 1.002112e+04
0.6 1.001478e+04 1.006742e+04 1.007672e+04 1.002408e+04
1.6 1.015386e+04 1.009255e+04 1.009673e+04 1.015805e+04
2.6 1.013427e+04 1.009743e+04 1.011039e+04 1.014724e+04
3.6 9.949276e+03 1.001982e+04 1.003769e+04 9.967146e+03
4.6 9.993045e+03 9.981628e+03 9.992868e+03 1.000428e+04
5.6 1.002027e+04 1.000754e+04 9.991915e+03 1.000465e+04
6.6 1.006256e+04 1.003971e+04 9.998269e+03 1.002112e+04
7.6 9.967757e+03 1.003611e+04 1.000090e+04 9.932546e+03
0.2 1.015386e+04 1.009255e+04 1.009673e+04 1.015805e+04
1.2 1.013427e+04 1.009743e+04 1.011039e+04 1.014724e+04
2.2 9.949276e+03 1.001982e+04 1.003769e+04 9.967146e+03
3.2 9.993045e+03 9.981628e+03 9.992868e+03 1.000428e+04
4.2 1.002027e+04 1.000754e+04 9.991915e+03 1.000465e+04
5.2 1.006256e+04 1.003971e+04 9.998269e+03 1.002112e+04
6.2 9.967757e+03 1.003611e+04 1.000090e+04 9.932546e+03
7.2 1.004607e+04 1.000736e+04 1.000080e+04 1.003951e+04
0.2 9.994128e+03 1.003225e+04 9.997363e+03 9.959242e+03
1.2 1.000334e+04 1.006522e+04 1.009592e+04 1.003403e+04
2.2 1.012078e+04 1.001754e+04 1.004078e+04 1.014402e+04
3.2 9.956187e+03 9.991178e+03 9.989839e+03 9.954847e+03
4.2 1.005553e+04 1.009483e+04 1.008783e+04 1.004852e+04
5.2 1.010764e+04 1.007788e+04 1.008185e+04 1.011161e+04
6.2 1.009725e+04 1.005652e+04 1.005727e+04 1.009800e+04
7.2 1.010944e+04 1.007827e+04 1.008424e+04 1.011541e+04
0.3 9.956187e+03 9.991178e+03 9.989839e+03 9.954847e+03
1.3 1.005553e+04 1.009483e+04 1.008783e+04 1.004852e+04
2.3 1.010764e+04 1.007788e+04 1.008185e+04 1.011161e+04
3.3 1.009725e+04 1.005652e+04 1.005727e+04 1.009800e+04
4.3 1.010944e+04 1.007827e+04 1.008424e+04 1.011541e+04
0.9 1.010764e+04 1.007788e+04 1.008185e+04 1.011161e+04
1.9 1.009725e+04 1.005652e+04 1.005727e+04 1.009800e+04
2.9 1.010944e+04 1.007827e+04 1.008424e+04 1.011541e+04
0.5 1.009725e+04 1.005652e+04 1.005727e+04 1.009800e+04
1.5 1.010944e+04 1.007827e+04 1.008424e+04 1.011541e+04
