0.5 1.071179e+04 1.069790e+04 1.070181e+04 1.071570e+04
1.5 1.071362e+04 1.071234e+04 1.069903e+04 1.070032e+04
2.5 1.068884e+04 1.069615e+04 1.069525e+04 1.068795e+04
3.5 1.070980e+04 1.069972e+04 1.070050e+04 1.071059e+04
4.5 1.067721e+04 1.071159e+04 1.069852e+04 1.066414e+04
5.5 1.069021e+04 1.069779e+04 1.069640e+04 1.068881e+04
6.5 1.072891e+04 1.070519e+04 1.070053e+04 1.072426e+04
7.5 1.070028e+04 1.071133e+04 1.069770e+04 1.068666e+04
0.6 1.070980e+04 1.069972e+04 1.070050e+04 1.071059e+04
1.6 1.067721e+04 1.071159e+04 1.069852e+04 1.066414e+04
2.6 1.069021e+04 1.069779e+04 1.069640e+04 1.068881e+04
3.6 1.072891e+04 1.070519e+04 1.070053e+04 1.072426e+04
4.6 1.070028e+04 1.071133e+04 1.069770e+04 1.068666e+04
5.6 1.068395e+04 1.070431e+04 1.069548e+04 1.067512e+04
6.6 1.073452e+04 1.068760e+04 1.069793e+04 1.074485e+04
7.6 1.072799e+04 1.067368e+04 1.069866e+04 1.075296e+04
0.7 1.072891e+04 1.070519e+04 1.070053e+04 1.072426e+04
1.7 1.070028e+04 1.071133e+04 1.069770e+04 1.068666e+04
2.7 1.068395e+04 1.070431e+04 1.069548e+04 1.067512e+04
3.7 1.073452e+04 1.068760e+04 1.069793e+04 1.074485e+04
4.7 1.072799e+04 1.067368e+04 1.069866e+04 1.075296e+04
5.7 1.066493e+04 1.069498e+04 1.070138e+04 1.067133e+04
6.7 1.075429e+04 1.072175e+04 1.070042e+04 1.073296e+04
7.7 1.070611e+04 1.071685e+04 1.069565e+04 1.068491e+04
1.0 1.075429e+04 1.072175e+04 1.070042e+04 1.073296e+04
2.0 1.070611e+04 1.071685e+04 1.069565e+04 1.068491e+04
3.0 1.067033e+04 1.067400e+04 1.069614e+04 1.069247e+04
4.0 1.065031e+04 1.069079e+04 1.069823e+04 1.065775e+04
5.0 1.070991e+04 1.070143e+04 1.069867e+04 1.070715e+04
6.0 1.068067e+04 1.068995e+04 1.069854e+04 1.068926e+04
7.0 1.070383e+04 1.067281e+04 1.069843e+04 1.072944e+04
8.0 1.068149e+04 1.067508e+04 1.069839e+04 1.070481e+04
1.0 1.071655e+04 1.070737e+04 1.070092e+04 1.071010e+04
2.0 1.071005e+04 1.072050e+04 1.069882e+04 1.068838e+04
3.0 1.073263e+04 1.072318e+04 1.069609e+04 1.070553e+04
4.0 1.071942e+04 1.070863e+04 1.069470e+04 1.070548e+04
5.0 1.073189e+04 1.070066e+04 1.069783e+04 1.072906e+04
6.0 1.067437e+04 1.067680e+04 1.069870e+04 1.069628e+04
7.0 1.072944e+04 1.069266e+04 1.069859e+04 1.073537e+04
8.0 1.073073e+04 1.070600e+04 1.069841e+04 1.072313e+04
0.6 1.071005e+04 1.072050e+04 1.069882e+04 1.068838e+04
1.6 1.073263e+04 1.072318e+04 1.069609e+04 1.070553e+04
2.6 1.071942e+04 1.070863e+04 1.069470e+04 1.070548e+04
3.6 1.073189e+04 1.070066e+04 1.069783e+04 1.072906e+04
4.6 1.067437e+04 1.067680e+04 1.069870e+04 1.069628e+04
5.6 1.072944e+04 1.069266e+04 1.069859e+04 1.073537e+04
6.6 1.073073e+04 1.070600e+04 1.069841e+04 1.072313e+04
7.6 1.066327e+04 1.070728e+04 1.069834e+04 1.065433e+04
0.9 1.069466e+04 1.069645e+04 1.070070e+04 1.069891e+04
1.9 1.070051e+04 1.071176e+04 1.069640e+04 1.068515e+04
2.9 1.062907e+04 1.070550e+04 1.069837e+04 1.062193e+04
3.9 1.071101e+04 1.071692e+04 1.070051e+04 1.069460e+04
4.9 1.071727e+04 1.071303e+04 1.069903e+04 1.070328e+04
5.9 1.074929e+04 1.071679e+04 1.069950e+04 1.073200e+04
6.9 1.072968e+04 1.071865e+04 1.069626e+04 1.070729e+04
7.9 1.071200e+04 1.069812e+04 1.069448e+04 1.070836e+04
1.0 1.071101e+04 1.071692e+04 1.070051e+04 1.069460e+04
2.0 1.071727e+04 1.071303e+04 1.069903e+04 1.070328e+04
3.0 1.074929e+04 1.071679e+04 1.069950e+04 1.073200e+04
4.0 1.072968e+04 1.071865e+04 1.069626e+04 1.070729e+04
5.0 1.071200e+04 1.069812e+04 1.069448e+04 1.070836e+04
6.0 1.061687e+04 1.067149e+04 1.070037e+04 1.064576e+04
7.0 1.073020e+04 1.070528e+04 1.070178e+04 1.072670e+04
8.0 1.072878e+04 1.071390e+04 1.069744e+04 1.071232e+04
0.6 1.071727e+04 1.071303e+04 1.069903e+04 1.070328e+04
1.6 1.074929e+04 1.071679e+04 1.069950e+04 1.073200e+04
2.6 1.072968e+04 1.071865e+04 1.069626e+04 1.070729e+04
3.6 1.071200e+04 1.069812e+04 1.069448e+04 1.070836e+04
4.6 1.061687e+04 1.067149e+04 1.070037e+04 1.064576e+04
5.6 1.073020e+04 1.070528e+04 1.070178e+04 1.072670e+04
6.6 1.072878e+04 1.071390e+04 1.069744e+04 1.071232e+04
7.6 1.071015e+04 1.070862e+04 1.069518e+04 1.069671e+04
0.2 1.074929e+04 1.071679e+04 1.069950e+04 1.073200e+04
1.2 1.072968e+04 1.071865e+04 1.069626e+04 1.070729e+04
2.2 1.071200e+04 1.069812e+04 1.069448e+04 1.070836e+04
3.2 1.061687e+04 1.067149e+04 1.070037e+04 1.064576e+04
4.2 1.073020e+04 1.070528e+04 1.070178e+04 1.072670e+04
5.2 1.072878e+04 1.071390e+04 1.069744e+04 1.071232e+04
6.2 1.071015e+04 1.070862e+04 1.069518e+04 1.069671e+04
7.2 1.071155e+04 1.069891e+04 1.069855e+04 1.071119e+04
0.3 1.061687e+04 1.067149e+04 1.070037e+04 1.064576e+04
1.3 1.073020e+04 1.070528e+04 1.070178e+04 1.072670e+04
2.3 1.072878e+04 1.071390e+04 1.069744e+04 1.071232e+04
3.3 1.071015e+04 1.070862e+04 1.069518e+04 1.069671e+04
4.3 1.071155e+04 1.069891e+04 1.069855e+04 1.071119e+04
5.3 1.074635e+04 1.071277e+04 1.070085e+04 1.073443e+04
6.3 1.073391e+04 1.071079e+04 1.069921e+04 1.072234e+04
7.3 1.064589e+04 1.071210e+04 1.069631e+04 1.063009e+04
0.9 1.072878e+04 1.071390e+04 1.069744e+04 1.071232e+04
1.9 1.071015e+04 1.070862e+04 1.069518e+04 1.069671e+04
2.9 1.071155e+04 1.069891e+04 1.069855e+04 1.071119e+04
3.9 1.074635e+04 1.071277e+04 1.070085e+04 1.073443e+04
4.9 1.073391e+04 1.071079e+04 1.069921e+04 1.072234e+04
5.9 1.064589e+04 1.071210e+04 1.069631e+04 1.063009e+04
6.9 1.072624e+04 1.069595e+04 1.069478e+04 1.072507e+04
7.9 1.067614e+04 1.069575e+04 1.069788e+04 1.067827e+04
1.0 1.074635e+04 1.071277e+04 1.070085e+04 1.073443e+04
2.0 1.073391e+04 1.071079e+04 1.069921e+04 1.072234e+04
3.0 1.064589e+04 1.071210e+04 1.069631e+04 1.063009e+04
4.0 1.072624e+04 1.069595e+04 1.069478e+04 1.072507e+04
5.0 1.067614e+04 1.069575e+04 1.069788e+04 1.067827e+04
6.0 1.074000e+04 1.069755e+04 1.069874e+04 1.074119e+04
7.0 1.070598e+04 1.070469e+04 1.069864e+04 1.069993e+04
8.0 1.070458e+04 1.068795e+04 1.069846e+04 1.071509e+04
0.6 1.073391e+04 1.071079e+04 1.069921e+04 1.072234e+04
1.6 1.064589e+04 1.071210e+04 1.069631e+04 1.063009e+04
2.6 1.072624e+04 1.069595e+04 1.069478e+04 1.072507e+04
3.6 1.067614e+04 1.069575e+04 1.069788e+04 1.067827e+04
4.6 1.074000e+04 1.069755e+04 1.069874e+04 1.074119e+04
5.6 1.070598e+04 1.070469e+04 1.069864e+04 1.069993e+04
6.6 1.070458e+04 1.068795e+04 1.069846e+04 1.071509e+04
7.6 1.065380e+04 1.067217e+04 1.069839e+04 1.068002e+04
0.2 1.060388e+04 1.066843e+04 1.070165e+04 1.063711e+04
1.2 1.064983e+04 1.070564e+04 1.070117e+04 1.064536e+04
2.2 1.066892e+04 1.071519e+04 1.069784e+04 1.065156e+04
3.2 1.073847e+04 1.071396e+04 1.069562e+04 1.072013e+04
4.2 1.072098e+04 1.070020e+04 1.069725e+04 1.071804e+04
5.2 1.073872e+04 1.071057e+04 1.070067e+04 1.072883e+04
6.2 1.071035e+04 1.071356e+04 1.070031e+04 1.069709e+04
7.2 1.076741e+04 1.072433e+04 1.069656e+04 1.073965e+04
0.7 1.066892e+04 1.071519e+04 1.069784e+04 1.065156e+04
1.7 1.073847e+04 1.071396e+04 1.069562e+04 1.072013e+04
2.7 1.072098e+04 1.070020e+04 1.069725e+04 1.071804e+04
3.7 1.073872e+04 1.071057e+04 1.070067e+04 1.072883e+04
4.7 1.071035e+04 1.071356e+04 1.070031e+04 1.069709e+04
5.7 1.076741e+04 1.072433e+04 1.069656e+04 1.073965e+04
6.7 1.070190e+04 1.068029e+04 1.069441e+04 1.071602e+04
7.7 1.068961e+04 1.067207e+04 1.069757e+04 1.071512e+04
0.9 1.073872e+04 1.071057e+04 1.070067e+04 1.072883e+04
1.9 1.071035e+04 1.071356e+04 1.070031e+04 1.069709e+04
2.9 1.076741e+04 1.072433e+04 1.069656e+04 1.073965e+04
3.9 1.070190e+04 1.068029e+04 1.069441e+04 1.071602e+04
4.9 1.068961e+04 1.067207e+04 1.069757e+04 1.071512e+04
5.9 1.072094e+04 1.069573e+04 1.070199e+04 1.072720e+04
6.9 1.070941e+04 1.072199e+04 1.070149e+04 1.068891e+04
7.9 1.072272e+04 1.071660e+04 1.069796e+04 1.070408e+04
0.5 1.071035e+04 1.071356e+04 1.070031e+04 1.069709e+04
1.5 1.076741e+04 1.072433e+04 1.069656e+04 1.073965e+04
2.5 1.070190e+04 1.068029e+04 1.069441e+04 1.071602e+04
3.5 1.068961e+04 1.067207e+04 1.069757e+04 1.071512e+04
4.5 1.072094e+04 1.069573e+04 1.070199e+04 1.072720e+04
5.5 1.070941e+04 1.072199e+04 1.070149e+04 1.068891e+04
6.5 1.072272e+04 1.071660e+04 1.069796e+04 1.070408e+04
7.5 1.068628e+04 1.071298e+04 1.069568e+04 1.066898e+04
0.2 1.072094e+04 1.069573e+04 1.070199e+04 1.072720e+04
1.2 1.070941e+04 1.072199e+04 1.070149e+04 1.068891e+04
2.2 1.072272e+04 1.071660e+04 1.069796e+04 1.070408e+04
3.2 1.068628e+04 1.071298e+04 1.069568e+04 1.066898e+04
4.2 1.070109e+04 1.070071e+04 1.069730e+04 1.069767e+04
5.2 1.069580e+04 1.071253e+04 1.070054e+04 1.068381e+04
6.2 1.071484e+04 1.072019e+04 1.069689e+04 1.069154e+04
7.2 1.066200e+04 1.068032e+04 1.069593e+04 1.067761e+04
0.7 1.072272e+04 1.071660e+04 1.069796e+04 1.070408e+04
1.7 1.068628e+04 1.071298e+04 1.069568e+04 1.066898e+04
2.7 1.070109e+04 1.070071e+04 1.069730e+04 1.069767e+04
3.7 1.069580e+04 1.071253e+04 1.070054e+04 1.068381e+04
4.7 1.071484e+04 1.072019e+04 1.069689e+04 1.069154e+04
5.7 1.066200e+04 1.068032e+04 1.069593e+04 1.067761e+04
6.7 1.066870e+04 1.066563e+04 1.069815e+04 1.070122e+04
7.7 1.070959e+04 1.068029e+04 1.069870e+04 1.072800e+04
0.9 1.069580e+04 1.071253e+04 1.070054e+04 1.068381e+04
1.9 1.071484e+04 1.072019e+04 1.069689e+04 1.069154e+04
2.9 1.066200e+04 1.068032e+04 1.069593e+04 1.067761e+04
3.9 1.066870e+04 1.066563e+04 1.069815e+04 1.070122e+04
4.9 1.070959e+04 1.068029e+04 1.069870e+04 1.072800e+04
5.9 1.067219e+04 1.068061e+04 1.069860e+04 1.069018e+04
6.9 1.068554e+04 1.066779e+04 1.069847e+04 1.071622e+04
7.9 1.071021e+04 1.068302e+04 1.069844e+04 1.072563e+04
0.9 1.069372e+04 1.072010e+04 1.070101e+04 1.067463e+04
1.9 1.073343e+04 1.072041e+04 1.070000e+04 1.071302e+04
2.9 1.075273e+04 1.072190e+04 1.069640e+04 1.072723e+04
3.9 1.064380e+04 1.070533e+04 1.069499e+04 1.063346e+04
4.9 1.076538e+04 1.070990e+04 1.070084e+04 1.075632e+04
5.9 1.068998e+04 1.073197e+04 1.069877e+04 1.065677e+04
6.9 1.069350e+04 1.068290e+04 1.069526e+04 1.070586e+04
7.9 1.067413e+04 1.068297e+04 1.069778e+04 1.068894e+04
0.5 1.073343e+04 1.072041e+04 1.070000e+04 1.071302e+04
1.5 1.075273e+04 1.072190e+04 1.069640e+04 1.072723e+04
2.5 1.064380e+04 1.070533e+04 1.069499e+04 1.063346e+04
3.5 1.076538e+04 1.070990e+04 1.070084e+04 1.075632e+04
4.5 1.068998e+04 1.073197e+04 1.069877e+04 1.065677e+04
5.5 1.069350e+04 1.068290e+04 1.069526e+04 1.070586e+04
6.5 1.067413e+04 1.068297e+04 1.069778e+04 1.068894e+04
7.5 1.074363e+04 1.071415e+04 1.069870e+04 1.072818e+04
0.6 1.076538e+04 1.070990e+04 1.070084e+04 1.075632e+04
1.6 1.068998e+04 1.073197e+04 1.069877e+04 1.065677e+04
2.6 1.069350e+04 1.068290e+04 1.069526e+04 1.070586e+04
3.6 1.067413e+04 1.068297e+04 1.069778e+04 1.068894e+04
4.6 1.074363e+04 1.071415e+04 1.069870e+04 1.072818e+04
5.6 1.071085e+04 1.069157e+04 1.069871e+04 1.071798e+04
6.6 1.068892e+04 1.068170e+04 1.069857e+04 1.070580e+04
7.6 1.064227e+04 1.069233e+04 1.069853e+04 1.064847e+04
