0.9 1.010249e+04 1.004375e+04 1.004072e+04 1.009946e+04
1.9 1.004423e+04 1.002598e+04 1.003853e+04 1.005678e+04
2.9 1.004808e+04 1.002811e+04 1.005699e+04 1.007696e+04
3.9 1.003905e+04 1.006123e+04 1.006118e+04 1.003900e+04
4.9 1.006092e+04 1.008739e+04 1.005584e+04 1.002937e+04
5.9 1.003007e+04 1.004296e+04 1.003405e+04 1.002116e+04
6.9 1.005113e+04 1.004465e+04 1.005533e+04 1.006181e+04
7.9 1.002045e+04 1.005199e+04 1.005215e+04 1.002061e+04
0.6 1.006092e+04 1.008739e+04 1.005584e+04 1.002937e+04
1.6 1.003007e+04 1.004296e+04 1.003405e+04 1.002116e+04
2.6 1.005113e+04 1.004465e+04 1.005533e+04 1.006181e+04
3.6 1.002045e+04 1.005199e+04 1.005215e+04 1.002061e+04
4.6 1.001424e+04 1.004225e+04 1.003918e+04 1.001118e+04
5.6 1.010645e+04 1.002698e+04 1.003027e+04 1.010974e+04
6.6 1.003957e+04 1.002925e+04 1.003737e+04 1.004769e+04
7.6 1.004549e+04 1.004086e+04 1.004322e+04 1.004785e+04
0.7 1.002045e+04 1.005199e+04 1.005215e+04 1.002061e+04
1.7 1.001424e+04 1.004225e+04 1.003918e+04 1.001118e+04
2.7 1.010645e+04 1.002698e+04 1.003027e+04 1.010974e+04
3.7 1.003957e+04 1.002925e+04 1.003737e+04 1.004769e+04
4.7 1.004549e+04 1.004086e+04 1.004322e+04 1.004785e+04
5.7 1.002783e+04 1.001047e+04 1.003452e+04 1.005189e+04
6.7 1.005130e+04 1.004456e+04 1.005764e+04 1.006439e+04
7.7 1.007264e+04 1.007037e+04 1.006441e+04 1.006668e+04
0.3 1.001424e+04 1.004225e+04 1.003918e+04 1.001118e+04
1.3 1.010645e+04 1.002698e+04 1.003027e+04 1.010974e+04
2.3 1.003957e+04 1.002925e+04 1.003737e+04 1.004769e+04
3.3 1.004549e+04 1.004086e+04 1.004322e+04 1.004785e+04
4.3 1.002783e+04 1.001047e+04 1.003452e+04 1.005189e+04
5.3 1.005130e+04 1.004456e+04 1.005764e+04 1.006439e+04
6.3 1.007264e+04 1.007037e+04 1.006441e+04 1.006668e+04
7.3 1.004137e+04 1.009120e+04 1.006330e+04 1.001347e+04
0.9 1.003957e+04 1.002925e+04 1.003737e+04 1.004769e+04
1.9 1.004549e+04 1.004086e+04 1.004322e+04 1.004785e+04
2.9 1.002783e+04 1.001047e+04 1.003452e+04 1.005189e+04
3.9 1.005130e+04 1.004456e+04 1.005764e+04 1.006439e+04
4.9 1.007264e+04 1.007037e+04 1.006441e+04 1.006668e+04
5.9 1.004137e+04 1.009120e+04 1.006330e+04 1.001347e+04
6.9 1.014155e+04 1.008483e+04 1.006159e+04 1.011831e+04
7.9 1.005088e+04 1.005660e+04 1.005077e+04 1.004505e+04
0.5 1.004549e+04 1.004086e+04 1.004322e+04 1.004785e+04
1.5 1.002783e+04 1.001047e+04 1.003452e+04 1.005189e+04
2.5 1.005130e+04 1.004456e+04 1.005764e+04 1.006439e+04
3.5 1.007264e+04 1.007037e+04 1.006441e+04 1.006668e+04
4.5 1.004137e+04 1.009120e+04 1.006330e+04 1.001347e+04
5.5 1.014155e+04 1.008483e+04 1.006159e+04 1.011831e+04
6.5 1.005088e+04 1.005660e+04 1.005077e+04 1.004505e+04
7.5 1.001094e+04 1.002871e+04 1.003796e+04 1.002020e+04
0.7 1.005088e+04 1.005660e+04 1.005077e+04 1.004505e+04
1.7 1.001094e+04 1.002871e+04 1.003796e+04 1.002020e+04
2.7 9.990684e+03 1.004416e+04 1.005792e+04 1.000444e+04
3.7 1.006333e+04 1.005790e+04 1.006294e+04 1.006836e+04
4.7 1.004663e+04 1.005958e+04 1.006205e+04 1.004910e+04
5.7 1.002004e+04 1.005813e+04 1.006076e+04 1.002267e+04
6.7 1.013308e+04 1.005877e+04 1.006023e+04 1.013454e+04
7.7 1.008255e+04 1.006099e+04 1.005533e+04 1.007689e+04
0.6 1.008255e+04 1.006099e+04 1.005533e+04 1.007689e+04
1.6 1.002350e+04 1.003938e+04 1.003408e+04 1.001819e+04
2.6 1.000607e+04 1.002275e+04 1.002890e+04 1.001221e+04
3.6 1.002793e+04 1.003145e+04 1.003936e+04 1.003584e+04
4.6 1.002580e+04 1.003733e+04 1.003903e+04 1.002750e+04
5.6 9.978729e+03 1.000995e+04 1.003133e+04 1.000010e+04
6.6 1.008887e+04 1.003511e+04 1.005324e+04 1.010700e+04
7.6 1.005746e+04 1.007767e+04 1.006204e+04 1.004183e+04
0.2 1.002350e+04 1.003938e+04 1.003408e+04 1.001819e+04
1.2 1.000607e+04 1.002275e+04 1.002890e+04 1.001221e+04
2.2 1.002793e+04 1.003145e+04 1.003936e+04 1.003584e+04
3.2 1.002580e+04 1.003733e+04 1.003903e+04 1.002750e+04
4.2 9.978729e+03 1.000995e+04 1.003133e+04 1.000010e+04
5.2 1.008887e+04 1.003511e+04 1.005324e+04 1.010700e+04
6.2 1.005746e+04 1.007767e+04 1.006204e+04 1.004183e+04
7.2 9.994657e+03 1.005757e+04 1.006123e+04 9.998319e+03
0.7 1.002793e+04 1.003145e+04 1.003936e+04 1.003584e+04
1.7 1.002580e+04 1.003733e+04 1.003903e+04 1.002750e+04
2.7 9.978729e+03 1.000995e+04 1.003133e+04 1.000010e+04
3.7 1.008887e+04 1.003511e+04 1.005324e+04 1.010700e+04
4.7 1.005746e+04 1.007767e+04 1.006204e+04 1.004183e+04
5.7 9.994657e+03 1.005757e+04 1.006123e+04 9.998319e+03
6.7 1.003199e+04 1.005571e+04 1.005922e+04 1.003550e+04
7.7 1.008271e+04 1.006166e+04 1.005823e+04 1.007928e+04
0.3 1.002580e+04 1.003733e+04 1.003903e+04 1.002750e+04
1.3 9.978729e+03 1.000995e+04 1.003133e+04 1.000010e+04
2.3 1.008887e+04 1.003511e+04 1.005324e+04 1.010700e+04
3.3 1.005746e+04 1.007767e+04 1.006204e+04 1.004183e+04
4.3 9.994657e+03 1.005757e+04 1.006123e+04 9.998319e+03
5.3 1.003199e+04 1.005571e+04 1.005922e+04 1.003550e+04
6.3 1.008271e+04 1.006166e+04 1.005823e+04 1.007928e+04
7.3 1.003041e+04 1.006263e+04 1.005787e+04 1.002564e+04
0.7 1.011831e+04 1.007673e+04 1.004737e+04 1.008895e+04
1.7 1.003685e+04 1.001242e+04 1.003459e+04 1.005902e+04
2.7 1.006322e+04 1.003684e+04 1.005451e+04 1.008089e+04
3.7 1.013011e+04 1.007322e+04 1.005953e+04 1.011641e+04
4.7 1.006928e+04 1.008247e+04 1.005865e+04 1.004547e+04
5.7 1.000508e+04 1.004998e+04 1.005742e+04 1.001252e+04
6.7 1.002808e+04 1.004949e+04 1.005698e+04 1.003556e+04
7.7 1.006209e+04 1.005832e+04 1.005689e+04 1.006066e+04
0.9 1.004177e+04 1.004059e+04 1.004060e+04 1.004178e+04
1.9 1.003544e+04 1.002618e+04 1.003796e+04 1.004721e+04
2.9 1.002151e+04 1.005021e+04 1.005602e+04 1.002732e+04
3.9 9.992711e+03 1.003758e+04 1.003757e+04 9.992707e+03
4.9 1.007240e+04 1.003439e+04 1.003858e+04 1.007659e+04
5.9 9.947565e+03 1.000148e+04 1.003207e+04 9.978150e+03
6.9 1.002955e+04 1.004128e+04 1.005571e+04 1.004397e+04
7.9 1.001718e+04 1.007171e+04 1.006122e+04 1.000669e+04
1.0 9.992711e+03 1.003758e+04 1.003757e+04 9.992707e+03
2.0 1.007240e+04 1.003439e+04 1.003858e+04 1.007659e+04
3.0 9.947565e+03 1.000148e+04 1.003207e+04 9.978150e+03
4.0 1.002955e+04 1.004128e+04 1.005571e+04 1.004397e+04
5.0 1.001718e+04 1.007171e+04 1.006122e+04 1.000669e+04
6.0 1.011252e+04 1.008499e+04 1.005998e+04 1.008751e+04
7.0 1.012334e+04 1.005978e+04 1.005855e+04 1.012211e+04
8.0 1.006742e+04 1.004817e+04 1.005812e+04 1.007737e+04
0.6 1.007240e+04 1.003439e+04 1.003858e+04 1.007659e+04
1.6 9.947565e+03 1.000148e+04 1.003207e+04 9.978150e+03
2.6 1.002955e+04 1.004128e+04 1.005571e+04 1.004397e+04
3.6 1.001718e+04 1.007171e+04 1.006122e+04 1.000669e+04
4.6 1.011252e+04 1.008499e+04 1.005998e+04 1.008751e+04
5.6 1.012334e+04 1.005978e+04 1.005855e+04 1.012211e+04
6.6 1.006742e+04 1.004817e+04 1.005812e+04 1.007737e+04
7.6 1.004614e+04 1.005380e+04 1.005812e+04 1.005045e+04
1.0 1.005333e+04 1.006020e+04 1.003604e+04 1.002918e+04
2.0 1.004829e+04 1.003115e+04 1.004282e+04 1.005996e+04
3.0 1.001635e+04 1.002444e+04 1.005849e+04 1.005040e+04
4.0 1.011778e+04 1.005454e+04 1.006120e+04 1.012444e+04
5.0 1.000996e+04 1.007224e+04 1.006009e+04 9.997813e+03
6.0 1.007595e+04 1.008376e+04 1.005930e+04 1.005149e+04
7.0 1.004212e+04 1.006005e+04 1.005918e+04 1.004125e+04
8.0 1.003426e+04 1.005093e+04 1.005928e+04 1.004261e+04
0.5 1.007698e+04 1.008237e+04 1.005805e+04 1.005266e+04
1.5 1.006169e+04 1.005020e+04 1.003183e+04 1.004332e+04
2.5 1.000125e+04 1.002165e+04 1.003079e+04 1.001039e+04
3.5 1.001125e+04 1.003184e+04 1.004151e+04 1.002092e+04
4.5 9.966344e+03 1.003297e+04 1.003625e+04 9.969628e+03
5.5 1.007872e+04 1.002177e+04 1.003266e+04 1.008961e+04
6.5 1.004591e+04 1.003611e+04 1.005176e+04 1.006156e+04
7.5 1.002946e+04 1.005491e+04 1.006354e+04 1.003809e+04
1.0 1.000125e+04 1.002165e+04 1.003079e+04 1.001039e+04
2.0 1.001125e+04 1.003184e+04 1.004151e+04 1.002092e+04
3.0 9.966344e+03 1.003297e+04 1.003625e+04 9.969628e+03
4.0 1.007872e+04 1.002177e+04 1.003266e+04 1.008961e+04
5.0 1.004591e+04 1.003611e+04 1.005176e+04 1.006156e+04
6.0 1.002946e+04 1.005491e+04 1.006354e+04 1.003809e+04
7.0 1.013685e+04 1.004856e+04 1.006379e+04 1.015208e+04
8.0 1.002975e+04 1.005539e+04 1.006212e+04 1.003648e+04
0.6 1.001125e+04 1.003184e+04 1.004151e+04 1.002092e+04
1.6 9.966344e+03 1.003297e+04 1.003625e+04 9.969628e+03
2.6 1.007872e+04 1.002177e+04 1.003266e+04 1.008961e+04
3.6 1.004591e+04 1.003611e+04 1.005176e+04 1.006156e+04
4.6 1.002946e+04 1.005491e+04 1.006354e+04 1.003809e+04
5.6 1.013685e+04 1.004856e+04 1.006379e+04 1.015208e+04
6.6 1.002975e+04 1.005539e+04 1.006212e+04 1.003648e+04
7.6 1.015967e+04 1.006261e+04 1.006143e+04 1.015849e+04
0.2 9.966344e+03 1.003297e+04 1.003625e+04 9.969628e+03
1.2 1.007872e+04 1.002177e+04 1.003266e+04 1.008961e+04
2.2 1.004591e+04 1.003611e+04 1.005176e+04 1.006156e+04
3.2 1.002946e+04 1.005491e+04 1.006354e+04 1.003809e+04
4.2 1.013685e+04 1.004856e+04 1.006379e+04 1.015208e+04
5.2 1.002975e+04 1.005539e+04 1.006212e+04 1.003648e+04
6.2 1.015967e+04 1.006261e+04 1.006143e+04 1.015849e+04
7.2 1.001091e+04 1.008815e+04 1.006145e+04 9.984206e+03
0.2 1.004139e+04 1.008185e+04 1.006236e+04 1.002189e+04
1.2 1.004439e+04 1.005744e+04 1.003646e+04 1.002341e+04
2.2 1.001549e+04 1.004041e+04 1.005095e+04 1.002603e+04
3.2 1.011986e+04 1.006365e+04 1.006433e+04 1.012054e+04
4.2 1.007978e+04 1.004286e+04 1.003859e+04 1.007552e+04
5.2 1.005188e+04 1.003448e+04 1.004016e+04 1.005756e+04
6.2 1.003684e+04 1.004474e+04 1.004662e+04 1.003871e+04
7.2 1.000568e+04 1.003169e+04 1.003953e+04 1.001353e+04
0.3 1.011986e+04 1.006365e+04 1.006433e+04 1.012054e+04
1.3 1.007978e+04 1.004286e+04 1.003859e+04 1.007552e+04
2.3 1.005188e+04 1.003448e+04 1.004016e+04 1.005756e+04
3.3 1.003684e+04 1.004474e+04 1.004662e+04 1.003871e+04
4.3 1.000568e+04 1.003169e+04 1.003953e+04 1.001353e+04
0.9 1.005188e+04 1.003448e+04 1.004016e+04 1.005756e+04
1.9 1.003684e+04 1.004474e+04 1.004662e+04 1.003871e+04
2.9 1.000568e+04 1.003169e+04 1.003953e+04 1.001353e+04
0.5 1.003684e+04 1.004474e+04 1.004662e+04 1.003871e+04
1.5 1.000568e+04 1.003169e+04 1.003953e+04 1.001353e+04
