0.5 9.825207e+03 9.856845e+03 9.861920e+03 9.830282e+03
1.5 9.904168e+03 9.873929e+03 9.856732e+03 9.886971e+03
2.5 9.817784e+03 9.846142e+03 9.849678e+03 9.821320e+03
3.5 9.857101e+03 9.850859e+03 9.859481e+03 9.865724e+03
4.5 9.873011e+03 9.864675e+03 9.855775e+03 9.864111e+03
5.5 9.842189e+03 9.841147e+03 9.851814e+03 9.852856e+03
6.5 9.883190e+03 9.851101e+03 9.859534e+03 9.891623e+03
7.5 9.851372e+03 9.856433e+03 9.854253e+03 9.849193e+03
0.6 9.857101e+03 9.850859e+03 9.859481e+03 9.865724e+03
1.6 9.873011e+03 9.864675e+03 9.855775e+03 9.864111e+03
2.6 9.842189e+03 9.841147e+03 9.851814e+03 9.852856e+03
3.6 9.883190e+03 9.851101e+03 9.859534e+03 9.891623e+03
4.6 9.851372e+03 9.856433e+03 9.854253e+03 9.849193e+03
5.6 9.842454e+03 9.836890e+03 9.850101e+03 9.855664e+03
6.6 9.887807e+03 9.874395e+03 9.854679e+03 9.868090e+03
7.6 9.902604e+03 9.875660e+03 9.856036e+03 9.882980e+03
0.7 9.883190e+03 9.851101e+03 9.859534e+03 9.891623e+03
1.7 9.851372e+03 9.856433e+03 9.854253e+03 9.849193e+03
2.7 9.842454e+03 9.836890e+03 9.850101e+03 9.855664e+03
3.7 9.887807e+03 9.874395e+03 9.854679e+03 9.868090e+03
4.7 9.902604e+03 9.875660e+03 9.856036e+03 9.882980e+03
5.7 9.814289e+03 9.838522e+03 9.861115e+03 9.836882e+03
6.7 9.856573e+03 9.852037e+03 9.859327e+03 9.863863e+03
7.7 9.829225e+03 9.854074e+03 9.850418e+03 9.825570e+03
1.0 9.856573e+03 9.852037e+03 9.859327e+03 9.863863e+03
2.0 9.829225e+03 9.854074e+03 9.850418e+03 9.825570e+03
3.0 9.911201e+03 9.886220e+03 9.851332e+03 9.876313e+03
4.0 9.849584e+03 9.835883e+03 9.855234e+03 9.868935e+03
5.0 9.876742e+03 9.851232e+03 9.856050e+03 9.881559e+03
6.0 9.855066e+03 9.882642e+03 9.855816e+03 9.828240e+03
7.0 9.900293e+03 9.899654e+03 9.855605e+03 9.856244e+03
8.0 9.857302e+03 9.880838e+03 9.855539e+03 9.832003e+03
1.0 9.908252e+03 9.856502e+03 9.860251e+03 9.912001e+03
2.0 9.847273e+03 9.839562e+03 9.856342e+03 9.864053e+03
3.0 9.882811e+03 9.843492e+03 9.851234e+03 9.890554e+03
4.0 9.812440e+03 9.824809e+03 9.848635e+03 9.836265e+03
5.0 9.858277e+03 9.852348e+03 9.854487e+03 9.860416e+03
6.0 9.905928e+03 9.879042e+03 9.856108e+03 9.882993e+03
7.0 9.814380e+03 9.831276e+03 9.855911e+03 9.839014e+03
8.0 9.816141e+03 9.823439e+03 9.855566e+03 9.848268e+03
0.6 9.847273e+03 9.839562e+03 9.856342e+03 9.864053e+03
1.6 9.882811e+03 9.843492e+03 9.851234e+03 9.890554e+03
2.6 9.812440e+03 9.824809e+03 9.848635e+03 9.836265e+03
3.6 9.858277e+03 9.852348e+03 9.854487e+03 9.860416e+03
4.6 9.905928e+03 9.879042e+03 9.856108e+03 9.882993e+03
5.6 9.814380e+03 9.831276e+03 9.855911e+03 9.839014e+03
6.6 9.816141e+03 9.823439e+03 9.855566e+03 9.848268e+03
7.6 9.815327e+03 9.826388e+03 9.855433e+03 9.844372e+03
0.9 9.853910e+03 9.857907e+03 9.859840e+03 9.855843e+03
1.9 9.885380e+03 9.835914e+03 9.851816e+03 9.901281e+03
2.9 9.846267e+03 9.826740e+03 9.855493e+03 9.875021e+03
3.9 9.878177e+03 9.851985e+03 9.859496e+03 9.885688e+03
4.9 9.834336e+03 9.850134e+03 9.856727e+03 9.840930e+03
5.9 9.843148e+03 9.857515e+03 9.857600e+03 9.843233e+03
6.9 9.816578e+03 9.856015e+03 9.851550e+03 9.812113e+03
7.9 9.910981e+03 9.860676e+03 9.848222e+03 9.898526e+03
1.0 9.878177e+03 9.851985e+03 9.859496e+03 9.885688e+03
2.0 9.834336e+03 9.850134e+03 9.856727e+03 9.840930e+03
3.0 9.843148e+03 9.857515e+03 9.857600e+03 9.843233e+03
4.0 9.816578e+03 9.856015e+03 9.851550e+03 9.812113e+03
5.0 9.910981e+03 9.860676e+03 9.848222e+03 9.898526e+03
6.0 9.857033e+03 9.885080e+03 9.859237e+03 9.831190e+03
7.0 9.891393e+03 9.864147e+03 9.861862e+03 9.889108e+03
8.0 9.864983e+03 9.847758e+03 9.853753e+03 9.870979e+03
0.6 9.834336e+03 9.850134e+03 9.856727e+03 9.840930e+03
1.6 9.843148e+03 9.857515e+03 9.857600e+03 9.843233e+03
2.6 9.816578e+03 9.856015e+03 9.851550e+03 9.812113e+03
3.6 9.910981e+03 9.860676e+03 9.848222e+03 9.898526e+03
4.6 9.857033e+03 9.885080e+03 9.859237e+03 9.831190e+03
5.6 9.891393e+03 9.864147e+03 9.861862e+03 9.889108e+03
6.6 9.864983e+03 9.847758e+03 9.853753e+03 9.870979e+03
7.6 9.824310e+03 9.840224e+03 9.849543e+03 9.833629e+03
0.2 9.843148e+03 9.857515e+03 9.857600e+03 9.843233e+03
1.2 9.816578e+03 9.856015e+03 9.851550e+03 9.812113e+03
2.2 9.910981e+03 9.860676e+03 9.848222e+03 9.898526e+03
3.2 9.857033e+03 9.885080e+03 9.859237e+03 9.831190e+03
4.2 9.891393e+03 9.864147e+03 9.861862e+03 9.889108e+03
5.2 9.864983e+03 9.847758e+03 9.853753e+03 9.870979e+03
6.2 9.824310e+03 9.840224e+03 9.849543e+03 9.833629e+03
7.2 9.826774e+03 9.832440e+03 9.855828e+03 9.850162e+03
0.3 9.857033e+03 9.885080e+03 9.859237e+03 9.831190e+03
1.3 9.891393e+03 9.864147e+03 9.861862e+03 9.889108e+03
2.3 9.864983e+03 9.847758e+03 9.853753e+03 9.870979e+03
3.3 9.824310e+03 9.840224e+03 9.849543e+03 9.833629e+03
4.3 9.826774e+03 9.832440e+03 9.855828e+03 9.850162e+03
5.3 9.844630e+03 9.855693e+03 9.860128e+03 9.849065e+03
6.3 9.872342e+03 9.852627e+03 9.857066e+03 9.876781e+03
7.3 9.800104e+03 9.853425e+03 9.851647e+03 9.798326e+03
0.9 9.864983e+03 9.847758e+03 9.853753e+03 9.870979e+03
1.9 9.824310e+03 9.840224e+03 9.849543e+03 9.833629e+03
2.9 9.826774e+03 9.832440e+03 9.855828e+03 9.850162e+03
3.9 9.844630e+03 9.855693e+03 9.860128e+03 9.849065e+03
4.9 9.872342e+03 9.852627e+03 9.857066e+03 9.876781e+03
5.9 9.800104e+03 9.853425e+03 9.851647e+03 9.798326e+03
6.9 9.879439e+03 9.829232e+03 9.848793e+03 9.899000e+03
7.9 9.842040e+03 9.830088e+03 9.854578e+03 9.866530e+03
1.0 9.844630e+03 9.855693e+03 9.860128e+03 9.849065e+03
2.0 9.872342e+03 9.852627e+03 9.857066e+03 9.876781e+03
3.0 9.800104e+03 9.853425e+03 9.851647e+03 9.798326e+03
4.0 9.879439e+03 9.829232e+03 9.848793e+03 9.899000e+03
5.0 9.842040e+03 9.830088e+03 9.854578e+03 9.866530e+03
6.0 9.858975e+03 9.832869e+03 9.856191e+03 9.882297e+03
7.0 9.849293e+03 9.836882e+03 9.855998e+03 9.868409e+03
8.0 9.872636e+03 9.875214e+03 9.855663e+03 9.853084e+03
0.6 9.872342e+03 9.852627e+03 9.857066e+03 9.876781e+03
1.6 9.800104e+03 9.853425e+03 9.851647e+03 9.798326e+03
2.6 9.879439e+03 9.829232e+03 9.848793e+03 9.899000e+03
3.6 9.842040e+03 9.830088e+03 9.854578e+03 9.866530e+03
4.6 9.858975e+03 9.832869e+03 9.856191e+03 9.882297e+03
5.6 9.849293e+03 9.836882e+03 9.855998e+03 9.868409e+03
6.6 9.872636e+03 9.875214e+03 9.855663e+03 9.853084e+03
7.6 9.874219e+03 9.875239e+03 9.855539e+03 9.854519e+03
0.2 9.861458e+03 9.894600e+03 9.861618e+03 9.828476e+03
1.2 9.864567e+03 9.861337e+03 9.860726e+03 9.863955e+03
2.2 9.811006e+03 9.843281e+03 9.854497e+03 9.822222e+03
3.2 9.844817e+03 9.842818e+03 9.850363e+03 9.852363e+03
4.2 9.824274e+03 9.829339e+03 9.853412e+03 9.848348e+03
5.2 9.854983e+03 9.848013e+03 9.859796e+03 9.866767e+03
6.2 9.839876e+03 9.852421e+03 9.859114e+03 9.846570e+03
7.2 9.864864e+03 9.857996e+03 9.852122e+03 9.858990e+03
0.7 9.811006e+03 9.843281e+03 9.854497e+03 9.822222e+03
1.7 9.844817e+03 9.842818e+03 9.850363e+03 9.852363e+03
2.7 9.824274e+03 9.829339e+03 9.853412e+03 9.848348e+03
3.7 9.854983e+03 9.848013e+03 9.859796e+03 9.866767e+03
4.7 9.839876e+03 9.852421e+03 9.859114e+03 9.846570e+03
5.7 9.864864e+03 9.857996e+03 9.852122e+03 9.858990e+03
6.7 9.899384e+03 9.881456e+03 9.848104e+03 9.866031e+03
7.7 9.876556e+03 9.858512e+03 9.854008e+03 9.872051e+03
0.9 9.854983e+03 9.848013e+03 9.859796e+03 9.866767e+03
1.9 9.839876e+03 9.852421e+03 9.859114e+03 9.846570e+03
2.9 9.864864e+03 9.857996e+03 9.852122e+03 9.858990e+03
3.9 9.899384e+03 9.881456e+03 9.848104e+03 9.866031e+03
4.9 9.876556e+03 9.858512e+03 9.854008e+03 9.872051e+03
5.9 9.865142e+03 9.832508e+03 9.862260e+03 9.894894e+03
6.9 9.857630e+03 9.853758e+03 9.861313e+03 9.865186e+03
7.9 9.804261e+03 9.847479e+03 9.854738e+03 9.811521e+03
0.5 9.839876e+03 9.852421e+03 9.859114e+03 9.846570e+03
1.5 9.864864e+03 9.857996e+03 9.852122e+03 9.858990e+03
2.5 9.899384e+03 9.881456e+03 9.848104e+03 9.866031e+03
3.5 9.876556e+03 9.858512e+03 9.854008e+03 9.872051e+03
4.5 9.865142e+03 9.832508e+03 9.862260e+03 9.894894e+03
5.5 9.857630e+03 9.853758e+03 9.861313e+03 9.865186e+03
6.5 9.804261e+03 9.847479e+03 9.854738e+03 9.811521e+03
7.5 9.842981e+03 9.844708e+03 9.850467e+03 9.848740e+03
0.2 9.865142e+03 9.832508e+03 9.862260e+03 9.894894e+03
1.2 9.857630e+03 9.853758e+03 9.861313e+03 9.865186e+03
2.2 9.804261e+03 9.847479e+03 9.854738e+03 9.811521e+03
3.2 9.842981e+03 9.844708e+03 9.850467e+03 9.848740e+03
4.2 9.817373e+03 9.828326e+03 9.853488e+03 9.842535e+03
5.2 9.853755e+03 9.846066e+03 9.859550e+03 9.867239e+03
6.2 9.857671e+03 9.850748e+03 9.852728e+03 9.859651e+03
7.2 9.920863e+03 9.894066e+03 9.850943e+03 9.877740e+03
0.7 9.804261e+03 9.847479e+03 9.854738e+03 9.811521e+03
1.7 9.842981e+03 9.844708e+03 9.850467e+03 9.848740e+03
2.7 9.817373e+03 9.828326e+03 9.853488e+03 9.842535e+03
3.7 9.853755e+03 9.846066e+03 9.859550e+03 9.867239e+03
4.7 9.857671e+03 9.850748e+03 9.852728e+03 9.859651e+03
5.7 9.920863e+03 9.894066e+03 9.850943e+03 9.877740e+03
6.7 9.880416e+03 9.891278e+03 9.855080e+03 9.844218e+03
7.7 9.902576e+03 9.869735e+03 9.856104e+03 9.888946e+03
0.9 9.853755e+03 9.846066e+03 9.859550e+03 9.867239e+03
1.9 9.857671e+03 9.850748e+03 9.852728e+03 9.859651e+03
2.9 9.920863e+03 9.894066e+03 9.850943e+03 9.877740e+03
3.9 9.880416e+03 9.891278e+03 9.855080e+03 9.844218e+03
4.9 9.902576e+03 9.869735e+03 9.856104e+03 9.888946e+03
5.9 9.913527e+03 9.885257e+03 9.855918e+03 9.884188e+03
6.9 9.869328e+03 9.889474e+03 9.855688e+03 9.835542e+03
7.9 9.816012e+03 9.843223e+03 9.855618e+03 9.828407e+03
0.9 9.861236e+03 9.845810e+03 9.860424e+03 9.875851e+03
1.9 9.800451e+03 9.849156e+03 9.858541e+03 9.809835e+03
2.9 9.849041e+03 9.850074e+03 9.851819e+03 9.850787e+03
3.9 9.764934e+03 9.824546e+03 9.849192e+03 9.789580e+03
4.9 9.825634e+03 9.832442e+03 9.860112e+03 9.853304e+03
5.9 9.860630e+03 9.852662e+03 9.856234e+03 9.864201e+03
6.9 9.884647e+03 9.885444e+03 9.849687e+03 9.848890e+03
7.9 9.897371e+03 9.844912e+03 9.854392e+03 9.906851e+03
0.5 9.800451e+03 9.849156e+03 9.858541e+03 9.809835e+03
1.5 9.849041e+03 9.850074e+03 9.851819e+03 9.850787e+03
2.5 9.764934e+03 9.824546e+03 9.849192e+03 9.789580e+03
3.5 9.825634e+03 9.832442e+03 9.860112e+03 9.853304e+03
4.5 9.860630e+03 9.852662e+03 9.856234e+03 9.864201e+03
5.5 9.884647e+03 9.885444e+03 9.849687e+03 9.848890e+03
6.5 9.897371e+03 9.844912e+03 9.854392e+03 9.906851e+03
7.5 9.850970e+03 9.823920e+03 9.856120e+03 9.883169e+03
0.6 9.825634e+03 9.832442e+03 9.860112e+03 9.853304e+03
1.6 9.860630e+03 9.852662e+03 9.856234e+03 9.864201e+03
2.6 9.884647e+03 9.885444e+03 9.849687e+03 9.848890e+03
3.6 9.897371e+03 9.844912e+03 9.854392e+03 9.906851e+03
4.6 9.850970e+03 9.823920e+03 9.856120e+03 9.883169e+03
5.6 9.909073e+03 9.886531e+03 9.856124e+03 9.878666e+03
6.6 9.851980e+03 9.877906e+03 9.855867e+03 9.829941e+03
7.6 9.870363e+03 9.865114e+03 9.855786e+03 9.861035e+03
