0.9 9.144508e+03 9.135930e+03 9.129840e+03 9.138419e+03
1.9 9.162294e+03 9.131080e+03 9.117163e+03 9.148378e+03
2.9 9.079882e+03 9.096854e+03 9.115083e+03 9.098110e+03
3.9 9.156401e+03 9.135704e+03 9.123891e+03 9.144588e+03
4.9 9.090374e+03 9.136394e+03 9.133358e+03 9.087338e+03
5.9 9.145327e+03 9.146229e+03 9.123263e+03 9.122361e+03
6.9 9.077217e+03 9.093648e+03 9.116735e+03 9.100303e+03
7.9 9.137540e+03 9.116205e+03 9.129272e+03 9.150607e+03
0.6 9.090374e+03 9.136394e+03 9.133358e+03 9.087338e+03
1.6 9.145327e+03 9.146229e+03 9.123263e+03 9.122361e+03
2.6 9.077217e+03 9.093648e+03 9.116735e+03 9.100303e+03
3.6 9.137540e+03 9.116205e+03 9.129272e+03 9.150607e+03
4.6 9.115607e+03 9.147444e+03 9.131193e+03 9.099356e+03
5.6 9.160715e+03 9.159415e+03 9.123690e+03 9.124990e+03
6.6 9.147611e+03 9.139073e+03 9.118367e+03 9.126905e+03
7.6 9.109895e+03 9.132573e+03 9.124255e+03 9.101578e+03
0.7 9.137540e+03 9.116205e+03 9.129272e+03 9.150607e+03
1.7 9.115607e+03 9.147444e+03 9.131193e+03 9.099356e+03
2.7 9.160715e+03 9.159415e+03 9.123690e+03 9.124990e+03
3.7 9.147611e+03 9.139073e+03 9.118367e+03 9.126905e+03
4.7 9.109895e+03 9.132573e+03 9.124255e+03 9.101578e+03
5.7 9.156429e+03 9.149803e+03 9.117784e+03 9.124410e+03
6.7 9.188886e+03 9.134447e+03 9.112436e+03 9.166876e+03
7.7 9.111770e+03 9.121664e+03 9.121434e+03 9.111539e+03
0.3 9.115607e+03 9.147444e+03 9.131193e+03 9.099356e+03
1.3 9.160715e+03 9.159415e+03 9.123690e+03 9.124990e+03
2.3 9.147611e+03 9.139073e+03 9.118367e+03 9.126905e+03
3.3 9.109895e+03 9.132573e+03 9.124255e+03 9.101578e+03
4.3 9.156429e+03 9.149803e+03 9.117784e+03 9.124410e+03
5.3 9.188886e+03 9.134447e+03 9.112436e+03 9.166876e+03
6.3 9.111770e+03 9.121664e+03 9.121434e+03 9.111539e+03
7.3 9.169040e+03 9.132013e+03 9.124534e+03 9.161561e+03
0.9 9.147611e+03 9.139073e+03 9.118367e+03 9.126905e+03
1.9 9.109895e+03 9.132573e+03 9.124255e+03 9.101578e+03
2.9 9.156429e+03 9.149803e+03 9.117784e+03 9.124410e+03
3.9 9.188886e+03 9.134447e+03 9.112436e+03 9.166876e+03
4.9 9.111770e+03 9.121664e+03 9.121434e+03 9.111539e+03
5.9 9.169040e+03 9.132013e+03 9.124534e+03 9.161561e+03
6.9 9.082192e+03 9.093993e+03 9.128078e+03 9.116277e+03
7.9 9.113621e+03 9.116835e+03 9.132001e+03 9.128787e+03
0.5 9.109895e+03 9.132573e+03 9.124255e+03 9.101578e+03
1.5 9.156429e+03 9.149803e+03 9.117784e+03 9.124410e+03
2.5 9.188886e+03 9.134447e+03 9.112436e+03 9.166876e+03
3.5 9.111770e+03 9.121664e+03 9.121434e+03 9.111539e+03
4.5 9.169040e+03 9.132013e+03 9.124534e+03 9.161561e+03
5.5 9.082192e+03 9.093993e+03 9.128078e+03 9.116277e+03
6.5 9.113621e+03 9.116835e+03 9.132001e+03 9.128787e+03
7.5 9.153516e+03 9.136506e+03 9.120509e+03 9.137519e+03
0.7 9.113621e+03 9.116835e+03 9.132001e+03 9.128787e+03
1.7 9.153516e+03 9.136506e+03 9.120509e+03 9.137519e+03
2.7 9.085316e+03 9.089918e+03 9.114242e+03 9.109640e+03
3.7 9.089145e+03 9.087272e+03 9.121975e+03 9.123848e+03
4.7 9.108838e+03 9.091222e+03 9.124280e+03 9.141897e+03
5.7 9.038740e+03 9.093446e+03 9.124128e+03 9.069423e+03
6.7 9.072702e+03 9.095470e+03 9.125447e+03 9.102679e+03
7.7 9.121418e+03 9.113002e+03 9.132994e+03 9.141411e+03
0.6 9.121418e+03 9.113002e+03 9.132994e+03 9.141411e+03
1.6 9.149996e+03 9.157720e+03 9.132792e+03 9.125067e+03
2.6 9.140227e+03 9.156509e+03 9.121064e+03 9.104782e+03
3.6 9.147122e+03 9.131985e+03 9.119433e+03 9.134570e+03
4.6 9.135537e+03 9.138799e+03 9.126100e+03 9.122838e+03
5.6 9.147168e+03 9.150140e+03 9.117816e+03 9.114845e+03
6.6 9.095899e+03 9.127111e+03 9.112069e+03 9.080857e+03
7.6 9.155617e+03 9.113280e+03 9.120543e+03 9.162880e+03
0.2 9.149996e+03 9.157720e+03 9.132792e+03 9.125067e+03
1.2 9.140227e+03 9.156509e+03 9.121064e+03 9.104782e+03
2.2 9.147122e+03 9.131985e+03 9.119433e+03 9.134570e+03
3.2 9.135537e+03 9.138799e+03 9.126100e+03 9.122838e+03
4.2 9.147168e+03 9.150140e+03 9.117816e+03 9.114845e+03
5.2 9.095899e+03 9.127111e+03 9.112069e+03 9.080857e+03
6.2 9.155617e+03 9.113280e+03 9.120543e+03 9.162880e+03
7.2 9.075436e+03 9.089930e+03 9.124504e+03 9.110010e+03
0.7 9.147122e+03 9.131985e+03 9.119433e+03 9.134570e+03
1.7 9.135537e+03 9.138799e+03 9.126100e+03 9.122838e+03
2.7 9.147168e+03 9.150140e+03 9.117816e+03 9.114845e+03
3.7 9.095899e+03 9.127111e+03 9.112069e+03 9.080857e+03
4.7 9.155617e+03 9.113280e+03 9.120543e+03 9.162880e+03
5.7 9.075436e+03 9.089930e+03 9.124504e+03 9.110010e+03
6.7 9.158923e+03 9.130799e+03 9.124541e+03 9.152665e+03
7.7 9.132109e+03 9.127523e+03 9.123922e+03 9.128508e+03
0.3 9.135537e+03 9.138799e+03 9.126100e+03 9.122838e+03
1.3 9.147168e+03 9.150140e+03 9.117816e+03 9.114845e+03
2.3 9.095899e+03 9.127111e+03 9.112069e+03 9.080857e+03
3.3 9.155617e+03 9.113280e+03 9.120543e+03 9.162880e+03
4.3 9.075436e+03 9.089930e+03 9.124504e+03 9.110010e+03
5.3 9.158923e+03 9.130799e+03 9.124541e+03 9.152665e+03
6.3 9.132109e+03 9.127523e+03 9.123922e+03 9.128508e+03
7.3 9.121893e+03 9.140276e+03 9.123631e+03 9.105248e+03
0.7 9.184183e+03 9.131290e+03 9.131746e+03 9.184640e+03
1.7 9.105840e+03 9.137254e+03 9.120461e+03 9.089048e+03
2.7 9.144396e+03 9.140528e+03 9.114208e+03 9.118076e+03
3.7 9.157866e+03 9.128753e+03 9.121921e+03 9.151034e+03
4.7 9.122048e+03 9.116176e+03 9.124207e+03 9.130079e+03
5.7 9.094288e+03 9.091692e+03 9.124030e+03 9.126625e+03
6.7 9.118891e+03 9.132072e+03 9.123601e+03 9.110420e+03
7.7 9.156461e+03 9.128858e+03 9.123442e+03 9.151045e+03
0.9 9.117176e+03 9.136314e+03 9.130186e+03 9.111049e+03
1.9 9.111427e+03 9.129409e+03 9.117469e+03 9.099487e+03
2.9 9.082563e+03 9.096951e+03 9.123535e+03 9.109148e+03
3.9 9.149232e+03 9.142401e+03 9.129539e+03 9.136370e+03
4.9 9.101029e+03 9.135909e+03 9.125165e+03 9.090285e+03
5.9 9.134169e+03 9.147390e+03 9.116755e+03 9.103533e+03
6.9 9.130215e+03 9.138886e+03 9.112677e+03 9.104006e+03
7.9 9.073331e+03 9.123250e+03 9.121898e+03 9.071979e+03
1.0 9.149232e+03 9.142401e+03 9.129539e+03 9.136370e+03
2.0 9.101029e+03 9.135909e+03 9.125165e+03 9.090285e+03
3.0 9.134169e+03 9.147390e+03 9.116755e+03 9.103533e+03
4.0 9.130215e+03 9.138886e+03 9.112677e+03 9.104006e+03
5.0 9.073331e+03 9.123250e+03 9.121898e+03 9.071979e+03
6.0 9.122644e+03 9.123635e+03 9.124434e+03 9.123443e+03
7.0 9.090436e+03 9.090681e+03 9.124113e+03 9.123868e+03
8.0 9.119717e+03 9.120023e+03 9.123581e+03 9.123275e+03
0.6 9.101029e+03 9.135909e+03 9.125165e+03 9.090285e+03
1.6 9.134169e+03 9.147390e+03 9.116755e+03 9.103533e+03
2.6 9.130215e+03 9.138886e+03 9.112677e+03 9.104006e+03
3.6 9.073331e+03 9.123250e+03 9.121898e+03 9.071979e+03
4.6 9.122644e+03 9.123635e+03 9.124434e+03 9.123443e+03
5.6 9.090436e+03 9.090681e+03 9.124113e+03 9.123868e+03
6.6 9.119717e+03 9.120023e+03 9.123581e+03 9.123275e+03
7.6 9.104228e+03 9.129344e+03 9.123391e+03 9.098274e+03
1.0 9.155192e+03 9.145128e+03 9.128763e+03 9.138827e+03
2.0 9.133053e+03 9.109453e+03 9.114957e+03 9.138557e+03
3.0 9.122295e+03 9.087550e+03 9.116672e+03 9.151418e+03
4.0 9.157809e+03 9.137111e+03 9.122877e+03 9.143575e+03
5.0 9.084865e+03 9.128712e+03 9.124152e+03 9.080304e+03
6.0 9.121410e+03 9.125584e+03 9.123776e+03 9.119602e+03
7.0 9.073003e+03 9.090084e+03 9.123447e+03 9.106366e+03
8.0 9.137723e+03 9.119210e+03 9.123856e+03 9.142368e+03
0.5 9.151106e+03 9.132838e+03 9.133506e+03 9.151774e+03
1.5 9.194057e+03 9.157354e+03 9.133061e+03 9.169764e+03
2.5 9.143510e+03 9.144467e+03 9.119477e+03 9.118521e+03
3.5 9.136284e+03 9.126701e+03 9.121179e+03 9.130763e+03
4.5 9.152931e+03 9.145208e+03 9.126359e+03 9.134082e+03
5.5 9.144751e+03 9.144636e+03 9.117359e+03 9.117473e+03
6.5 9.084917e+03 9.098907e+03 9.111988e+03 9.097998e+03
7.5 9.096915e+03 9.081276e+03 9.119083e+03 9.134722e+03
1.0 9.143510e+03 9.144467e+03 9.119477e+03 9.118521e+03
2.0 9.136284e+03 9.126701e+03 9.121179e+03 9.130763e+03
3.0 9.152931e+03 9.145208e+03 9.126359e+03 9.134082e+03
4.0 9.144751e+03 9.144636e+03 9.117359e+03 9.117473e+03
5.0 9.084917e+03 9.098907e+03 9.111988e+03 9.097998e+03
6.0 9.096915e+03 9.081276e+03 9.119083e+03 9.134722e+03
7.0 9.089549e+03 9.089870e+03 9.124026e+03 9.123706e+03
8.0 9.130072e+03 9.124628e+03 9.124348e+03 9.129792e+03
0.6 9.136284e+03 9.126701e+03 9.121179e+03 9.130763e+03
1.6 9.152931e+03 9.145208e+03 9.126359e+03 9.134082e+03
2.6 9.144751e+03 9.144636e+03 9.117359e+03 9.117473e+03
3.6 9.084917e+03 9.098907e+03 9.111988e+03 9.097998e+03
4.6 9.096915e+03 9.081276e+03 9.119083e+03 9.134722e+03
5.6 9.089549e+03 9.089870e+03 9.124026e+03 9.123706e+03
6.6 9.130072e+03 9.124628e+03 9.124348e+03 9.129792e+03
7.6 9.082081e+03 9.131390e+03 9.123715e+03 9.074406e+03
0.2 9.152931e+03 9.145208e+03 9.126359e+03 9.134082e+03
1.2 9.144751e+03 9.144636e+03 9.117359e+03 9.117473e+03
2.2 9.084917e+03 9.098907e+03 9.111988e+03 9.097998e+03
3.2 9.096915e+03 9.081276e+03 9.119083e+03 9.134722e+03
4.2 9.089549e+03 9.089870e+03 9.124026e+03 9.123706e+03
5.2 9.130072e+03 9.124628e+03 9.124348e+03 9.129792e+03
6.2 9.082081e+03 9.131390e+03 9.123715e+03 9.074406e+03
7.2 9.152160e+03 9.139896e+03 9.123372e+03 9.135635e+03
0.2 9.168607e+03 9.143338e+03 9.132871e+03 9.158140e+03
1.2 9.142639e+03 9.152314e+03 9.127303e+03 9.117628e+03
2.2 9.147652e+03 9.101578e+03 9.113081e+03 9.159154e+03
3.2 9.097955e+03 9.091358e+03 9.128055e+03 9.134652e+03
4.2 9.190883e+03 9.153417e+03 9.132025e+03 9.169491e+03
5.2 9.109539e+03 9.139734e+03 9.120215e+03 9.090020e+03
6.2 9.126491e+03 9.130236e+03 9.123489e+03 9.119743e+03
7.2 9.144327e+03 9.139857e+03 9.116864e+03 9.121333e+03
0.3 9.097955e+03 9.091358e+03 9.128055e+03 9.134652e+03
1.3 9.190883e+03 9.153417e+03 9.132025e+03 9.169491e+03
2.3 9.109539e+03 9.139734e+03 9.120215e+03 9.090020e+03
3.3 9.126491e+03 9.130236e+03 9.123489e+03 9.119743e+03
4.3 9.144327e+03 9.139857e+03 9.116864e+03 9.121333e+03
0.9 9.109539e+03 9.139734e+03 9.120215e+03 9.090020e+03
1.9 9.126491e+03 9.130236e+03 9.123489e+03 9.119743e+03
2.9 9.144327e+03 9.139857e+03 9.116864e+03 9.121333e+03
0.5 9.126491e+03 9.130236e+03 9.123489e+03 9.119743e+03
1.5 9.144327e+03 9.139857e+03 9.116864e+03 9.121333e+03
