0.5 9.071432e+03 9.095801e+03 9.089921e+03 9.065553e+03
1.5 9.164219e+03 9.143688e+03 9.144040e+03 9.164571e+03
2.5 9.070916e+03 9.092313e+03 9.100647e+03 9.079251e+03
3.5 9.078212e+03 9.092566e+03 9.092651e+03 9.078297e+03
4.5 9.170515e+03 9.131004e+03 9.135840e+03 9.175351e+03
5.5 9.073038e+03 9.085162e+03 9.094959e+03 9.082835e+03
6.5 9.135162e+03 9.099858e+03 9.103331e+03 9.138636e+03
7.5 9.118000e+03 9.120946e+03 9.130576e+03 9.127630e+03
0.6 9.078212e+03 9.092566e+03 9.092651e+03 9.078297e+03
1.6 9.170515e+03 9.131004e+03 9.135840e+03 9.175351e+03
2.6 9.073038e+03 9.085162e+03 9.094959e+03 9.082835e+03
3.6 9.135162e+03 9.099858e+03 9.103331e+03 9.138636e+03
4.6 9.118000e+03 9.120946e+03 9.130576e+03 9.127630e+03
5.6 9.070557e+03 9.084782e+03 9.092222e+03 9.077996e+03
6.6 9.123752e+03 9.109113e+03 9.082955e+03 9.097594e+03
7.6 9.131935e+03 9.101347e+03 9.085049e+03 9.115637e+03
0.7 9.135162e+03 9.099858e+03 9.103331e+03 9.138636e+03
1.7 9.118000e+03 9.120946e+03 9.130576e+03 9.127630e+03
2.7 9.070557e+03 9.084782e+03 9.092222e+03 9.077996e+03
3.7 9.123752e+03 9.109113e+03 9.082955e+03 9.097594e+03
4.7 9.131935e+03 9.101347e+03 9.085049e+03 9.115637e+03
5.7 9.058517e+03 9.073773e+03 9.087757e+03 9.072501e+03
6.7 9.145239e+03 9.122012e+03 9.134683e+03 9.157909e+03
7.7 9.074960e+03 9.120886e+03 9.121429e+03 9.075502e+03
1.0 9.145239e+03 9.122012e+03 9.134683e+03 9.157909e+03
2.0 9.074960e+03 9.120886e+03 9.121429e+03 9.075502e+03
3.0 9.106813e+03 9.116684e+03 9.089751e+03 9.079881e+03
4.0 9.039301e+03 9.069939e+03 9.084688e+03 9.054051e+03
5.0 9.112636e+03 9.094037e+03 9.087479e+03 9.106078e+03
6.0 9.087240e+03 9.121181e+03 9.089603e+03 9.055662e+03
7.0 9.129260e+03 9.128587e+03 9.090323e+03 9.090997e+03
8.0 9.123869e+03 9.109880e+03 9.090583e+03 9.104573e+03
1.0 9.168029e+03 9.117569e+03 9.136683e+03 9.187142e+03
2.0 9.100444e+03 9.108458e+03 9.132635e+03 9.124621e+03
3.0 9.150466e+03 9.120548e+03 9.144005e+03 9.173924e+03
4.0 9.068874e+03 9.076112e+03 9.094826e+03 9.087587e+03
5.0 9.087930e+03 9.094162e+03 9.083428e+03 9.077197e+03
6.0 9.111074e+03 9.107312e+03 9.085964e+03 9.089726e+03
7.0 9.062247e+03 9.067228e+03 9.088861e+03 9.083880e+03
8.0 9.070733e+03 9.067972e+03 9.089647e+03 9.092408e+03
0.6 9.100444e+03 9.108458e+03 9.132635e+03 9.124621e+03
1.6 9.150466e+03 9.120548e+03 9.144005e+03 9.173924e+03
2.6 9.068874e+03 9.076112e+03 9.094826e+03 9.087587e+03
3.6 9.087930e+03 9.094162e+03 9.083428e+03 9.077197e+03
4.6 9.111074e+03 9.107312e+03 9.085964e+03 9.089726e+03
5.6 9.062247e+03 9.067228e+03 9.088861e+03 9.083880e+03
6.6 9.070733e+03 9.067972e+03 9.089647e+03 9.092408e+03
7.6 9.089824e+03 9.072010e+03 9.089500e+03 9.107314e+03
0.9 9.067793e+03 9.106135e+03 9.118280e+03 9.079938e+03
1.9 9.134580e+03 9.097860e+03 9.123250e+03 9.159971e+03
2.9 9.053356e+03 9.069959e+03 9.085683e+03 9.069079e+03
3.9 9.137795e+03 9.115002e+03 9.123258e+03 9.146051e+03
4.9 9.115510e+03 9.110973e+03 9.120889e+03 9.125425e+03
5.9 9.119673e+03 9.125258e+03 9.134027e+03 9.128442e+03
6.9 9.078253e+03 9.129411e+03 9.139311e+03 9.088153e+03
7.9 9.162140e+03 9.109459e+03 9.099025e+03 9.151706e+03
1.0 9.137795e+03 9.115002e+03 9.123258e+03 9.146051e+03
2.0 9.115510e+03 9.110973e+03 9.120889e+03 9.125425e+03
3.0 9.119673e+03 9.125258e+03 9.134027e+03 9.128442e+03
4.0 9.078253e+03 9.129411e+03 9.139311e+03 9.088153e+03
5.0 9.162140e+03 9.109459e+03 9.099025e+03 9.151706e+03
6.0 9.066722e+03 9.105344e+03 9.075073e+03 9.036450e+03
7.0 9.125934e+03 9.122216e+03 9.132123e+03 9.135841e+03
8.0 9.139025e+03 9.113688e+03 9.131132e+03 9.156469e+03
0.6 9.115510e+03 9.110973e+03 9.120889e+03 9.125425e+03
1.6 9.119673e+03 9.125258e+03 9.134027e+03 9.128442e+03
2.6 9.078253e+03 9.129411e+03 9.139311e+03 9.088153e+03
3.6 9.162140e+03 9.109459e+03 9.099025e+03 9.151706e+03
4.6 9.066722e+03 9.105344e+03 9.075073e+03 9.036450e+03
5.6 9.125934e+03 9.122216e+03 9.132123e+03 9.135841e+03
6.6 9.139025e+03 9.113688e+03 9.131132e+03 9.156469e+03
7.6 9.111056e+03 9.099357e+03 9.116594e+03 9.128293e+03
0.2 9.119673e+03 9.125258e+03 9.134027e+03 9.128442e+03
1.2 9.078253e+03 9.129411e+03 9.139311e+03 9.088153e+03
2.2 9.162140e+03 9.109459e+03 9.099025e+03 9.151706e+03
3.2 9.066722e+03 9.105344e+03 9.075073e+03 9.036450e+03
4.2 9.125934e+03 9.122216e+03 9.132123e+03 9.135841e+03
5.2 9.139025e+03 9.113688e+03 9.131132e+03 9.156469e+03
6.2 9.111056e+03 9.099357e+03 9.116594e+03 9.128293e+03
7.2 9.072834e+03 9.069285e+03 9.078489e+03 9.082039e+03
0.3 9.066722e+03 9.105344e+03 9.075073e+03 9.036450e+03
1.3 9.125934e+03 9.122216e+03 9.132123e+03 9.135841e+03
2.3 9.139025e+03 9.113688e+03 9.131132e+03 9.156469e+03
3.3 9.111056e+03 9.099357e+03 9.116594e+03 9.128293e+03
4.3 9.072834e+03 9.069285e+03 9.078489e+03 9.082039e+03
5.3 9.098906e+03 9.114789e+03 9.119584e+03 9.103701e+03
6.3 9.133770e+03 9.111511e+03 9.119287e+03 9.141545e+03
7.3 9.070170e+03 9.120331e+03 9.133352e+03 9.083191e+03
0.9 9.139025e+03 9.113688e+03 9.131132e+03 9.156469e+03
1.9 9.111056e+03 9.099357e+03 9.116594e+03 9.128293e+03
2.9 9.072834e+03 9.069285e+03 9.078489e+03 9.082039e+03
3.9 9.098906e+03 9.114789e+03 9.119584e+03 9.103701e+03
4.9 9.133770e+03 9.111511e+03 9.119287e+03 9.141545e+03
5.9 9.070170e+03 9.120331e+03 9.133352e+03 9.083191e+03
6.9 9.133881e+03 9.069334e+03 9.085161e+03 9.149708e+03
7.9 9.085014e+03 9.063874e+03 9.074213e+03 9.095353e+03
1.0 9.098906e+03 9.114789e+03 9.119584e+03 9.103701e+03
2.0 9.133770e+03 9.111511e+03 9.119287e+03 9.141545e+03
3.0 9.070170e+03 9.120331e+03 9.133352e+03 9.083191e+03
4.0 9.133881e+03 9.069334e+03 9.085161e+03 9.149708e+03
5.0 9.085014e+03 9.063874e+03 9.074213e+03 9.095353e+03
6.0 9.086024e+03 9.068245e+03 9.077130e+03 9.094909e+03
7.0 9.088523e+03 9.078431e+03 9.080412e+03 9.090504e+03
8.0 9.095027e+03 9.109331e+03 9.081611e+03 9.067308e+03
0.6 9.133770e+03 9.111511e+03 9.119287e+03 9.141545e+03
1.6 9.070170e+03 9.120331e+03 9.133352e+03 9.083191e+03
2.6 9.133881e+03 9.069334e+03 9.085161e+03 9.149708e+03
3.6 9.085014e+03 9.063874e+03 9.074213e+03 9.095353e+03
4.6 9.086024e+03 9.068245e+03 9.077130e+03 9.094909e+03
5.6 9.088523e+03 9.078431e+03 9.080412e+03 9.090504e+03
6.6 9.095027e+03 9.109331e+03 9.081611e+03 9.067308e+03
7.6 9.074247e+03 9.099122e+03 9.081931e+03 9.057056e+03
0.2 9.093972e+03 9.114769e+03 9.082144e+03 9.061347e+03
1.2 9.104281e+03 9.121278e+03 9.136218e+03 9.119220e+03
2.2 9.051804e+03 9.108399e+03 9.128157e+03 9.071562e+03
3.2 9.109722e+03 9.108740e+03 9.127268e+03 9.128250e+03
4.2 9.066340e+03 9.069291e+03 9.082722e+03 9.079771e+03
5.2 9.108822e+03 9.101751e+03 9.108916e+03 9.115987e+03
6.2 9.096269e+03 9.112589e+03 9.120630e+03 9.104310e+03
7.2 9.132298e+03 9.135493e+03 9.140759e+03 9.137564e+03
0.7 9.051804e+03 9.108399e+03 9.128157e+03 9.071562e+03
1.7 9.109722e+03 9.108740e+03 9.127268e+03 9.128250e+03
2.7 9.066340e+03 9.069291e+03 9.082722e+03 9.079771e+03
3.7 9.108822e+03 9.101751e+03 9.108916e+03 9.115987e+03
4.7 9.096269e+03 9.112589e+03 9.120630e+03 9.104310e+03
5.7 9.132298e+03 9.135493e+03 9.140759e+03 9.137564e+03
6.7 9.127205e+03 9.117500e+03 9.090668e+03 9.100373e+03
7.7 9.097792e+03 9.079644e+03 9.075514e+03 9.093662e+03
0.9 9.108822e+03 9.101751e+03 9.108916e+03 9.115987e+03
1.9 9.096269e+03 9.112589e+03 9.120630e+03 9.104310e+03
2.9 9.132298e+03 9.135493e+03 9.140759e+03 9.137564e+03
3.9 9.127205e+03 9.117500e+03 9.090668e+03 9.100373e+03
4.9 9.097792e+03 9.079644e+03 9.075514e+03 9.093662e+03
5.9 9.099239e+03 9.063958e+03 9.077600e+03 9.112881e+03
6.9 9.144629e+03 9.123293e+03 9.135296e+03 9.156631e+03
7.9 9.079233e+03 9.113953e+03 9.128802e+03 9.094082e+03
0.5 9.096269e+03 9.112589e+03 9.120630e+03 9.104310e+03
1.5 9.132298e+03 9.135493e+03 9.140759e+03 9.137564e+03
2.5 9.127205e+03 9.117500e+03 9.090668e+03 9.100373e+03
3.5 9.097792e+03 9.079644e+03 9.075514e+03 9.093662e+03
4.5 9.099239e+03 9.063958e+03 9.077600e+03 9.112881e+03
5.5 9.144629e+03 9.123293e+03 9.135296e+03 9.156631e+03
6.5 9.079233e+03 9.113953e+03 9.128802e+03 9.094082e+03
7.5 9.110562e+03 9.110475e+03 9.128476e+03 9.128563e+03
0.2 9.099239e+03 9.063958e+03 9.077600e+03 9.112881e+03
1.2 9.144629e+03 9.123293e+03 9.135296e+03 9.156631e+03
2.2 9.079233e+03 9.113953e+03 9.128802e+03 9.094082e+03
3.2 9.110562e+03 9.110475e+03 9.128476e+03 9.128563e+03
4.2 9.054360e+03 9.069004e+03 9.084277e+03 9.069633e+03
5.2 9.123021e+03 9.101662e+03 9.110787e+03 9.132146e+03
6.2 9.139129e+03 9.117949e+03 9.120008e+03 9.141188e+03
7.2 9.158763e+03 9.128376e+03 9.086255e+03 9.116641e+03
0.7 9.079233e+03 9.113953e+03 9.128802e+03 9.094082e+03
1.7 9.110562e+03 9.110475e+03 9.128476e+03 9.128563e+03
2.7 9.054360e+03 9.069004e+03 9.084277e+03 9.069633e+03
3.7 9.123021e+03 9.101662e+03 9.110787e+03 9.132146e+03
4.7 9.139129e+03 9.117949e+03 9.120008e+03 9.141188e+03
5.7 9.158763e+03 9.128376e+03 9.086255e+03 9.116641e+03
6.7 9.114659e+03 9.111668e+03 9.079846e+03 9.082837e+03
7.7 9.104417e+03 9.098490e+03 9.082636e+03 9.088562e+03
0.9 9.123021e+03 9.101662e+03 9.110787e+03 9.132146e+03
1.9 9.139129e+03 9.117949e+03 9.120008e+03 9.141188e+03
2.9 9.158763e+03 9.128376e+03 9.086255e+03 9.116641e+03
3.9 9.114659e+03 9.111668e+03 9.079846e+03 9.082837e+03
4.9 9.104417e+03 9.098490e+03 9.082636e+03 9.088562e+03
5.9 9.113124e+03 9.116396e+03 9.085264e+03 9.081992e+03
6.9 9.109627e+03 9.112980e+03 9.086397e+03 9.083044e+03
7.9 9.072564e+03 9.073303e+03 9.086992e+03 9.086253e+03
0.9 9.115154e+03 9.109739e+03 9.122467e+03 9.127882e+03
1.9 9.071525e+03 9.117331e+03 9.131400e+03 9.085594e+03
2.9 9.140114e+03 9.128216e+03 9.149211e+03 9.161110e+03
3.9 9.020260e+03 9.074658e+03 9.098736e+03 9.044337e+03
4.9 9.085092e+03 9.079386e+03 9.093541e+03 9.099247e+03
5.9 9.151129e+03 9.132429e+03 9.139495e+03 9.158195e+03
6.9 9.127027e+03 9.125762e+03 9.099884e+03 9.101149e+03
7.9 9.110901e+03 9.076056e+03 9.088190e+03 9.123036e+03
0.5 9.071525e+03 9.117331e+03 9.131400e+03 9.085594e+03
1.5 9.140114e+03 9.128216e+03 9.149211e+03 9.161110e+03
2.5 9.020260e+03 9.074658e+03 9.098736e+03 9.044337e+03
3.5 9.085092e+03 9.079386e+03 9.093541e+03 9.099247e+03
4.5 9.151129e+03 9.132429e+03 9.139495e+03 9.158195e+03
5.5 9.127027e+03 9.125762e+03 9.099884e+03 9.101149e+03
6.5 9.110901e+03 9.076056e+03 9.088190e+03 9.123036e+03
7.5 9.073034e+03 9.073767e+03 9.090160e+03 9.089427e+03
0.6 9.085092e+03 9.079386e+03 9.093541e+03 9.099247e+03
1.6 9.151129e+03 9.132429e+03 9.139495e+03 9.158195e+03
2.6 9.127027e+03 9.125762e+03 9.099884e+03 9.101149e+03
3.6 9.110901e+03 9.076056e+03 9.088190e+03 9.123036e+03
4.6 9.073034e+03 9.073767e+03 9.090160e+03 9.089427e+03
5.6 9.156219e+03 9.127631e+03 9.093713e+03 9.122300e+03
6.6 9.097716e+03 9.112577e+03 9.095709e+03 9.080847e+03
7.6 9.096321e+03 9.106222e+03 9.096985e+03 9.087085e+03
