0.5 9.846275e+03 9.871208e+03 9.864277e+03 9.839344e+03
1.5 9.842775e+03 9.834583e+03 9.835291e+03 9.843483e+03
2.5 9.760061e+03 9.848205e+03 9.858532e+03 9.770387e+03
3.5 9.906269e+03 9.861404e+03 9.862815e+03 9.907679e+03
4.5 9.806495e+03 9.832352e+03 9.839683e+03 9.813826e+03
5.5 9.917739e+03 9.848094e+03 9.861579e+03 9.931224e+03
6.5 9.847438e+03 9.850350e+03 9.857095e+03 9.854182e+03
7.5 9.777414e+03 9.828268e+03 9.842502e+03 9.791649e+03
0.6 9.906269e+03 9.861404e+03 9.862815e+03 9.907679e+03
1.6 9.806495e+03 9.832352e+03 9.839683e+03 9.813826e+03
2.6 9.917739e+03 9.848094e+03 9.861579e+03 9.931224e+03
3.6 9.847438e+03 9.850350e+03 9.857095e+03 9.854182e+03
4.6 9.777414e+03 9.828268e+03 9.842502e+03 9.791649e+03
5.6 9.906250e+03 9.847845e+03 9.863045e+03 9.921449e+03
6.6 9.960152e+03 9.902300e+03 9.868008e+03 9.925860e+03
7.6 9.904958e+03 9.897822e+03 9.866887e+03 9.874023e+03
0.7 9.847438e+03 9.850350e+03 9.857095e+03 9.854182e+03
1.7 9.777414e+03 9.828268e+03 9.842502e+03 9.791649e+03
2.7 9.906250e+03 9.847845e+03 9.863045e+03 9.921449e+03
3.7 9.960152e+03 9.902300e+03 9.868008e+03 9.925860e+03
4.7 9.904958e+03 9.897822e+03 9.866887e+03 9.874023e+03
5.7 9.729068e+03 9.849481e+03 9.865436e+03 9.745023e+03
6.7 9.854573e+03 9.818431e+03 9.840303e+03 9.876445e+03
7.7 9.813377e+03 9.838527e+03 9.847401e+03 9.822251e+03
1.0 9.854573e+03 9.818431e+03 9.840303e+03 9.876445e+03
2.0 9.813377e+03 9.838527e+03 9.847401e+03 9.822251e+03
3.0 9.934031e+03 9.907639e+03 9.864368e+03 9.890760e+03
4.0 9.834758e+03 9.850630e+03 9.867080e+03 9.851207e+03
5.0 9.924592e+03 9.869517e+03 9.865585e+03 9.920659e+03
6.0 9.889185e+03 9.905363e+03 9.864447e+03 9.848269e+03
7.0 9.842555e+03 9.922795e+03 9.864061e+03 9.783821e+03
8.0 9.853197e+03 9.898516e+03 9.863922e+03 9.818603e+03
1.0 9.876705e+03 9.818268e+03 9.839231e+03 9.897669e+03
2.0 9.830889e+03 9.805285e+03 9.841400e+03 9.867003e+03
3.0 9.807230e+03 9.799272e+03 9.835310e+03 9.843269e+03
4.0 9.883988e+03 9.830504e+03 9.861650e+03 9.915134e+03
5.0 9.918047e+03 9.876090e+03 9.867754e+03 9.909711e+03
6.0 9.868767e+03 9.901841e+03 9.866396e+03 9.833322e+03
7.0 9.795323e+03 9.839909e+03 9.864845e+03 9.820259e+03
8.0 9.843397e+03 9.831959e+03 9.864424e+03 9.875863e+03
0.6 9.830889e+03 9.805285e+03 9.841400e+03 9.867003e+03
1.6 9.807230e+03 9.799272e+03 9.835310e+03 9.843269e+03
2.6 9.883988e+03 9.830504e+03 9.861650e+03 9.915134e+03
3.6 9.918047e+03 9.876090e+03 9.867754e+03 9.909711e+03
4.6 9.868767e+03 9.901841e+03 9.866396e+03 9.833322e+03
5.6 9.795323e+03 9.839909e+03 9.864845e+03 9.820259e+03
6.6 9.843397e+03 9.831959e+03 9.864424e+03 9.875863e+03
7.6 9.750107e+03 9.836312e+03 9.864503e+03 9.778298e+03
0.9 9.863115e+03 9.839448e+03 9.849088e+03 9.872755e+03
1.9 9.844330e+03 9.811085e+03 9.846426e+03 9.879671e+03
2.9 9.868724e+03 9.840849e+03 9.866547e+03 9.894422e+03
3.9 9.807313e+03 9.830687e+03 9.846422e+03 9.823048e+03
4.9 9.827540e+03 9.831082e+03 9.847691e+03 9.844148e+03
5.9 9.829298e+03 9.825765e+03 9.840654e+03 9.844187e+03
6.9 9.804631e+03 9.819981e+03 9.837824e+03 9.822474e+03
7.9 9.841049e+03 9.869987e+03 9.859401e+03 9.830462e+03
1.0 9.807313e+03 9.830687e+03 9.846422e+03 9.823048e+03
2.0 9.827540e+03 9.831082e+03 9.847691e+03 9.844148e+03
3.0 9.829298e+03 9.825765e+03 9.840654e+03 9.844187e+03
4.0 9.804631e+03 9.819981e+03 9.837824e+03 9.822474e+03
5.0 9.841049e+03 9.869987e+03 9.859401e+03 9.830462e+03
6.0 9.857420e+03 9.920322e+03 9.872230e+03 9.809328e+03
7.0 9.957953e+03 9.832604e+03 9.841674e+03 9.967023e+03
8.0 9.853689e+03 9.817065e+03 9.842205e+03 9.878829e+03
0.6 9.827540e+03 9.831082e+03 9.847691e+03 9.844148e+03
1.6 9.829298e+03 9.825765e+03 9.840654e+03 9.844187e+03
2.6 9.804631e+03 9.819981e+03 9.837824e+03 9.822474e+03
3.6 9.841049e+03 9.869987e+03 9.859401e+03 9.830462e+03
4.6 9.857420e+03 9.920322e+03 9.872230e+03 9.809328e+03
5.6 9.957953e+03 9.832604e+03 9.841674e+03 9.967023e+03
6.6 9.853689e+03 9.817065e+03 9.842205e+03 9.878829e+03
7.6 9.843693e+03 9.824581e+03 9.849991e+03 9.869103e+03
0.2 9.829298e+03 9.825765e+03 9.840654e+03 9.844187e+03
1.2 9.804631e+03 9.819981e+03 9.837824e+03 9.822474e+03
2.2 9.841049e+03 9.869987e+03 9.859401e+03 9.830462e+03
3.2 9.857420e+03 9.920322e+03 9.872230e+03 9.809328e+03
4.2 9.957953e+03 9.832604e+03 9.841674e+03 9.967023e+03
5.2 9.853689e+03 9.817065e+03 9.842205e+03 9.878829e+03
6.2 9.843693e+03 9.824581e+03 9.849991e+03 9.869103e+03
7.2 9.787180e+03 9.855141e+03 9.870400e+03 9.802438e+03
0.3 9.857420e+03 9.920322e+03 9.872230e+03 9.809328e+03
1.3 9.957953e+03 9.832604e+03 9.841674e+03 9.967023e+03
2.3 9.853689e+03 9.817065e+03 9.842205e+03 9.878829e+03
3.3 9.843693e+03 9.824581e+03 9.849991e+03 9.869103e+03
4.3 9.787180e+03 9.855141e+03 9.870400e+03 9.802438e+03
5.3 9.871942e+03 9.838694e+03 9.848390e+03 9.881638e+03
6.3 9.819297e+03 9.835596e+03 9.848549e+03 9.832250e+03
7.3 9.843486e+03 9.822104e+03 9.841016e+03 9.862398e+03
0.9 9.853689e+03 9.817065e+03 9.842205e+03 9.878829e+03
1.9 9.843693e+03 9.824581e+03 9.849991e+03 9.869103e+03
2.9 9.787180e+03 9.855141e+03 9.870400e+03 9.802438e+03
3.9 9.871942e+03 9.838694e+03 9.848390e+03 9.881638e+03
4.9 9.819297e+03 9.835596e+03 9.848549e+03 9.832250e+03
5.9 9.843486e+03 9.822104e+03 9.841016e+03 9.862398e+03
6.9 9.870816e+03 9.844705e+03 9.866826e+03 9.892938e+03
7.9 9.925551e+03 9.856809e+03 9.872690e+03 9.941432e+03
1.0 9.871942e+03 9.838694e+03 9.848390e+03 9.881638e+03
2.0 9.819297e+03 9.835596e+03 9.848549e+03 9.832250e+03
3.0 9.843486e+03 9.822104e+03 9.841016e+03 9.862398e+03
4.0 9.870816e+03 9.844705e+03 9.866826e+03 9.892938e+03
5.0 9.925551e+03 9.856809e+03 9.872690e+03 9.941432e+03
6.0 9.946377e+03 9.856874e+03 9.871128e+03 9.960631e+03
7.0 9.829109e+03 9.859935e+03 9.869370e+03 9.838545e+03
8.0 9.949923e+03 9.904712e+03 9.868728e+03 9.913938e+03
0.6 9.819297e+03 9.835596e+03 9.848549e+03 9.832250e+03
1.6 9.843486e+03 9.822104e+03 9.841016e+03 9.862398e+03
2.6 9.870816e+03 9.844705e+03 9.866826e+03 9.892938e+03
3.6 9.925551e+03 9.856809e+03 9.872690e+03 9.941432e+03
4.6 9.946377e+03 9.856874e+03 9.871128e+03 9.960631e+03
5.6 9.829109e+03 9.859935e+03 9.869370e+03 9.838545e+03
6.6 9.949923e+03 9.904712e+03 9.868728e+03 9.913938e+03
7.6 9.905604e+03 9.900769e+03 9.868556e+03 9.873392e+03
0.2 9.787578e+03 9.922886e+03 9.868442e+03 9.733134e+03
1.2 9.828339e+03 9.824563e+03 9.839480e+03 9.843256e+03
2.2 9.851934e+03 9.814801e+03 9.843798e+03 9.880930e+03
3.2 9.742774e+03 9.816318e+03 9.844274e+03 9.770731e+03
4.2 9.774879e+03 9.847191e+03 9.868133e+03 9.795821e+03
5.2 9.870293e+03 9.840886e+03 9.854103e+03 9.883511e+03
6.2 9.883213e+03 9.833709e+03 9.847829e+03 9.897334e+03
7.2 9.823249e+03 9.821974e+03 9.837048e+03 9.838323e+03
0.7 9.851934e+03 9.814801e+03 9.843798e+03 9.880930e+03
1.7 9.742774e+03 9.816318e+03 9.844274e+03 9.770731e+03
2.7 9.774879e+03 9.847191e+03 9.868133e+03 9.795821e+03
3.7 9.870293e+03 9.840886e+03 9.854103e+03 9.883511e+03
4.7 9.883213e+03 9.833709e+03 9.847829e+03 9.897334e+03
5.7 9.823249e+03 9.821974e+03 9.837048e+03 9.838323e+03
6.7 9.912396e+03 9.902860e+03 9.863877e+03 9.873414e+03
7.7 9.844755e+03 9.887032e+03 9.871993e+03 9.829716e+03
0.9 9.870293e+03 9.840886e+03 9.854103e+03 9.883511e+03
1.9 9.883213e+03 9.833709e+03 9.847829e+03 9.897334e+03
2.9 9.823249e+03 9.821974e+03 9.837048e+03 9.838323e+03
3.9 9.912396e+03 9.902860e+03 9.863877e+03 9.873414e+03
4.9 9.844755e+03 9.887032e+03 9.871993e+03 9.829716e+03
5.9 9.846935e+03 9.853440e+03 9.870876e+03 9.864371e+03
6.9 9.817053e+03 9.819354e+03 9.839974e+03 9.837673e+03
7.9 9.748143e+03 9.819753e+03 9.843452e+03 9.771842e+03
0.5 9.883213e+03 9.833709e+03 9.847829e+03 9.897334e+03
1.5 9.823249e+03 9.821974e+03 9.837048e+03 9.838323e+03
2.5 9.912396e+03 9.902860e+03 9.863877e+03 9.873414e+03
3.5 9.844755e+03 9.887032e+03 9.871993e+03 9.829716e+03
4.5 9.846935e+03 9.853440e+03 9.870876e+03 9.864371e+03
5.5 9.817053e+03 9.819354e+03 9.839974e+03 9.837673e+03
6.5 9.748143e+03 9.819753e+03 9.843452e+03 9.771842e+03
7.5 9.838267e+03 9.817093e+03 9.843627e+03 9.864800e+03
0.2 9.846935e+03 9.853440e+03 9.870876e+03 9.864371e+03
1.2 9.817053e+03 9.819354e+03 9.839974e+03 9.837673e+03
2.2 9.748143e+03 9.819753e+03 9.843452e+03 9.771842e+03
3.2 9.838267e+03 9.817093e+03 9.843627e+03 9.864800e+03
4.2 9.814163e+03 9.844129e+03 9.867300e+03 9.837334e+03
5.2 9.804370e+03 9.836673e+03 9.853101e+03 9.820799e+03
6.2 9.848408e+03 9.835884e+03 9.848162e+03 9.860686e+03
7.2 9.904435e+03 9.923578e+03 9.866241e+03 9.847097e+03
0.7 9.748143e+03 9.819753e+03 9.843452e+03 9.771842e+03
1.7 9.838267e+03 9.817093e+03 9.843627e+03 9.864800e+03
2.7 9.814163e+03 9.844129e+03 9.867300e+03 9.837334e+03
3.7 9.804370e+03 9.836673e+03 9.853101e+03 9.820799e+03
4.7 9.848408e+03 9.835884e+03 9.848162e+03 9.860686e+03
5.7 9.904435e+03 9.923578e+03 9.866241e+03 9.847097e+03
6.7 9.989208e+03 9.922769e+03 9.869673e+03 9.936112e+03
7.7 9.951417e+03 9.894452e+03 9.868179e+03 9.925144e+03
0.9 9.804370e+03 9.836673e+03 9.853101e+03 9.820799e+03
1.9 9.848408e+03 9.835884e+03 9.848162e+03 9.860686e+03
2.9 9.904435e+03 9.923578e+03 9.866241e+03 9.847097e+03
3.9 9.989208e+03 9.922769e+03 9.869673e+03 9.936112e+03
4.9 9.951417e+03 9.894452e+03 9.868179e+03 9.925144e+03
5.9 9.940195e+03 9.911706e+03 9.866771e+03 9.895260e+03
6.9 9.872960e+03 9.912984e+03 9.866165e+03 9.826141e+03
7.9 9.826224e+03 9.855553e+03 9.865846e+03 9.836516e+03
0.9 9.909763e+03 9.824004e+03 9.846845e+03 9.932604e+03
1.9 9.795910e+03 9.818504e+03 9.842061e+03 9.819467e+03
2.9 9.742030e+03 9.801211e+03 9.832521e+03 9.773341e+03
3.9 9.772436e+03 9.824601e+03 9.859556e+03 9.807390e+03
4.9 9.847997e+03 9.838500e+03 9.862338e+03 9.871836e+03
5.9 9.677110e+03 9.816933e+03 9.837725e+03 9.697903e+03
6.9 9.943795e+03 9.897255e+03 9.858941e+03 9.905481e+03
7.9 9.907892e+03 9.856729e+03 9.865204e+03 9.916366e+03
0.5 9.795910e+03 9.818504e+03 9.842061e+03 9.819467e+03
1.5 9.742030e+03 9.801211e+03 9.832521e+03 9.773341e+03
2.5 9.772436e+03 9.824601e+03 9.859556e+03 9.807390e+03
3.5 9.847997e+03 9.838500e+03 9.862338e+03 9.871836e+03
4.5 9.677110e+03 9.816933e+03 9.837725e+03 9.697903e+03
5.5 9.943795e+03 9.897255e+03 9.858941e+03 9.905481e+03
6.5 9.907892e+03 9.856729e+03 9.865204e+03 9.916366e+03
7.5 9.833608e+03 9.833677e+03 9.864149e+03 9.864081e+03
0.6 9.847997e+03 9.838500e+03 9.862338e+03 9.871836e+03
1.6 9.677110e+03 9.816933e+03 9.837725e+03 9.697903e+03
2.6 9.943795e+03 9.897255e+03 9.858941e+03 9.905481e+03
3.6 9.907892e+03 9.856729e+03 9.865204e+03 9.916366e+03
4.6 9.833608e+03 9.833677e+03 9.864149e+03 9.864081e+03
5.6 9.968736e+03 9.905850e+03 9.862246e+03 9.925133e+03
6.6 9.860848e+03 9.890061e+03 9.861177e+03 9.831963e+03
7.6 9.883230e+03 9.874365e+03 9.860493e+03 9.869359e+03
