0.5 9.970604e+03 1.002822e+04 1.004776e+04 9.990144e+03
1.5 1.009187e+04 1.006190e+04 1.006518e+04 1.009514e+04
2.5 1.006222e+04 1.006975e+04 1.005121e+04 1.004368e+04
3.5 1.005233e+04 1.003853e+04 1.004864e+04 1.006243e+04
4.5 1.003208e+04 1.006422e+04 1.006254e+04 1.003040e+04
5.5 1.003958e+04 1.006360e+04 1.004938e+04 1.002536e+04
6.5 1.003890e+04 1.004386e+04 1.005207e+04 1.004712e+04
7.5 1.010077e+04 1.006908e+04 1.006085e+04 1.009254e+04
0.6 1.005233e+04 1.003853e+04 1.004864e+04 1.006243e+04
1.6 1.003208e+04 1.006422e+04 1.006254e+04 1.003040e+04
2.6 1.003958e+04 1.006360e+04 1.004938e+04 1.002536e+04
3.6 1.003890e+04 1.004386e+04 1.005207e+04 1.004712e+04
4.6 1.010077e+04 1.006908e+04 1.006085e+04 1.009254e+04
5.6 1.014061e+04 1.007562e+04 1.004850e+04 1.011349e+04
6.6 1.010249e+04 1.004375e+04 1.004551e+04 1.010425e+04
7.6 1.004423e+04 1.002598e+04 1.004619e+04 1.006444e+04
0.7 1.003890e+04 1.004386e+04 1.005207e+04 1.004712e+04
1.7 1.010077e+04 1.006908e+04 1.006085e+04 1.009254e+04
2.7 1.014061e+04 1.007562e+04 1.004850e+04 1.011349e+04
3.7 1.010249e+04 1.004375e+04 1.004551e+04 1.010425e+04
4.7 1.004423e+04 1.002598e+04 1.004619e+04 1.006444e+04
5.7 1.004808e+04 1.002811e+04 1.004706e+04 1.006703e+04
6.7 1.003905e+04 1.006123e+04 1.006217e+04 1.003999e+04
7.7 1.006092e+04 1.008739e+04 1.005790e+04 1.003143e+04
1.0 1.003905e+04 1.006123e+04 1.006217e+04 1.003999e+04
2.0 1.006092e+04 1.008739e+04 1.005790e+04 1.003143e+04
3.0 1.003007e+04 1.004296e+04 1.004770e+04 1.003481e+04
4.0 1.005113e+04 1.004465e+04 1.004607e+04 1.005255e+04
5.0 1.002045e+04 1.005199e+04 1.004697e+04 1.001543e+04
6.0 1.001424e+04 1.004225e+04 1.004765e+04 1.001965e+04
7.0 1.010645e+04 1.002698e+04 1.004789e+04 1.012736e+04
8.0 1.003957e+04 1.002925e+04 1.004797e+04 1.005829e+04
1.0 1.005130e+04 1.004456e+04 1.006281e+04 1.006956e+04
2.0 1.007264e+04 1.007037e+04 1.006151e+04 1.006378e+04
3.0 1.004137e+04 1.009120e+04 1.006517e+04 1.001534e+04
4.0 1.014155e+04 1.008483e+04 1.004934e+04 1.010606e+04
5.0 1.005088e+04 1.005660e+04 1.004567e+04 1.003994e+04
6.0 1.001094e+04 1.002871e+04 1.004648e+04 1.002872e+04
7.0 9.990684e+03 1.004416e+04 1.004741e+04 9.993938e+03
8.0 1.006333e+04 1.005790e+04 1.004767e+04 1.005309e+04
0.6 1.007264e+04 1.007037e+04 1.006151e+04 1.006378e+04
1.6 1.004137e+04 1.009120e+04 1.006517e+04 1.001534e+04
2.6 1.014155e+04 1.008483e+04 1.004934e+04 1.010606e+04
3.6 1.005088e+04 1.005660e+04 1.004567e+04 1.003994e+04
4.6 1.001094e+04 1.002871e+04 1.004648e+04 1.002872e+04
5.6 9.990684e+03 1.004416e+04 1.004741e+04 9.993938e+03
6.6 1.006333e+04 1.005790e+04 1.004767e+04 1.005309e+04
7.6 1.004663e+04 1.005958e+04 1.004762e+04 1.003468e+04
0.9 1.008887e+04 1.003511e+04 1.005689e+04 1.011065e+04
1.9 1.005746e+04 1.007767e+04 1.005849e+04 1.003828e+04
2.9 9.994657e+03 1.005757e+04 1.004639e+04 9.983477e+03
3.9 1.003199e+04 1.005571e+04 1.005849e+04 1.003477e+04
4.9 1.008271e+04 1.006166e+04 1.005773e+04 1.007878e+04
5.9 1.003041e+04 1.006263e+04 1.006196e+04 1.002974e+04
6.9 1.011170e+04 1.008573e+04 1.006366e+04 1.008963e+04
7.9 1.011831e+04 1.007673e+04 1.005069e+04 1.009227e+04
1.0 1.003199e+04 1.005571e+04 1.005849e+04 1.003477e+04
2.0 1.008271e+04 1.006166e+04 1.005773e+04 1.007878e+04
3.0 1.003041e+04 1.006263e+04 1.006196e+04 1.002974e+04
4.0 1.011170e+04 1.008573e+04 1.006366e+04 1.008963e+04
5.0 1.011831e+04 1.007673e+04 1.005069e+04 1.009227e+04
6.0 1.003685e+04 1.001242e+04 1.004297e+04 1.006741e+04
7.0 1.006322e+04 1.003684e+04 1.006135e+04 1.008773e+04
8.0 1.013011e+04 1.007322e+04 1.006103e+04 1.011791e+04
0.6 1.008271e+04 1.006166e+04 1.005773e+04 1.007878e+04
1.6 1.003041e+04 1.006263e+04 1.006196e+04 1.002974e+04
2.6 1.011170e+04 1.008573e+04 1.006366e+04 1.008963e+04
3.6 1.011831e+04 1.007673e+04 1.005069e+04 1.009227e+04
4.6 1.003685e+04 1.001242e+04 1.004297e+04 1.006741e+04
5.6 1.006322e+04 1.003684e+04 1.006135e+04 1.008773e+04
6.6 1.013011e+04 1.007322e+04 1.006103e+04 1.011791e+04
7.6 1.006928e+04 1.008247e+04 1.005635e+04 1.004316e+04
0.2 1.003041e+04 1.006263e+04 1.006196e+04 1.002974e+04
1.2 1.011170e+04 1.008573e+04 1.006366e+04 1.008963e+04
2.2 1.011831e+04 1.007673e+04 1.005069e+04 1.009227e+04
3.2 1.003685e+04 1.001242e+04 1.004297e+04 1.006741e+04
4.2 1.006322e+04 1.003684e+04 1.006135e+04 1.008773e+04
5.2 1.013011e+04 1.007322e+04 1.006103e+04 1.011791e+04
6.2 1.006928e+04 1.008247e+04 1.005635e+04 1.004316e+04
7.2 1.000508e+04 1.004998e+04 1.004407e+04 9.999177e+03
0.3 1.003685e+04 1.001242e+04 1.004297e+04 1.006741e+04
1.3 1.006322e+04 1.003684e+04 1.006135e+04 1.008773e+04
2.3 1.013011e+04 1.007322e+04 1.006103e+04 1.011791e+04
3.3 1.006928e+04 1.008247e+04 1.005635e+04 1.004316e+04
4.3 1.000508e+04 1.004998e+04 1.004407e+04 9.999177e+03
5.3 1.002808e+04 1.004949e+04 1.005731e+04 1.003589e+04
6.3 1.006209e+04 1.005832e+04 1.005721e+04 1.006098e+04
7.3 1.011295e+04 1.007902e+04 1.006174e+04 1.009568e+04
0.9 1.013011e+04 1.007322e+04 1.006103e+04 1.011791e+04
1.9 1.006928e+04 1.008247e+04 1.005635e+04 1.004316e+04
2.9 1.000508e+04 1.004998e+04 1.004407e+04 9.999177e+03
3.9 1.002808e+04 1.004949e+04 1.005731e+04 1.003589e+04
4.9 1.006209e+04 1.005832e+04 1.005721e+04 1.006098e+04
5.9 1.011295e+04 1.007902e+04 1.006174e+04 1.009568e+04
6.9 1.007274e+04 1.007204e+04 1.004622e+04 1.004692e+04
7.9 1.003541e+04 1.005124e+04 1.004270e+04 1.002687e+04
1.0 1.002808e+04 1.004949e+04 1.005731e+04 1.003589e+04
2.0 1.006209e+04 1.005832e+04 1.005721e+04 1.006098e+04
3.0 1.011295e+04 1.007902e+04 1.006174e+04 1.009568e+04
4.0 1.007274e+04 1.007204e+04 1.004622e+04 1.004692e+04
5.0 1.003541e+04 1.005124e+04 1.004270e+04 1.002687e+04
6.0 1.002760e+04 1.004739e+04 1.004364e+04 1.002385e+04
7.0 1.008198e+04 1.005491e+04 1.004469e+04 1.007176e+04
8.0 1.004177e+04 1.004059e+04 1.004508e+04 1.004626e+04
0.6 1.006209e+04 1.005832e+04 1.005721e+04 1.006098e+04
1.6 1.011295e+04 1.007902e+04 1.006174e+04 1.009568e+04
2.6 1.007274e+04 1.007204e+04 1.004622e+04 1.004692e+04
3.6 1.003541e+04 1.005124e+04 1.004270e+04 1.002687e+04
4.6 1.002760e+04 1.004739e+04 1.004364e+04 1.002385e+04
5.6 1.008198e+04 1.005491e+04 1.004469e+04 1.007176e+04
6.6 1.004177e+04 1.004059e+04 1.004508e+04 1.004626e+04
7.6 1.003544e+04 1.002618e+04 1.004518e+04 1.005444e+04
0.2 9.947565e+03 1.000148e+04 1.004525e+04 9.991333e+03
1.2 1.002955e+04 1.004128e+04 1.006266e+04 1.005093e+04
2.2 1.001718e+04 1.007171e+04 1.006007e+04 1.000553e+04
3.2 1.011252e+04 1.008499e+04 1.005978e+04 1.008731e+04
4.2 1.012334e+04 1.005978e+04 1.004544e+04 1.010900e+04
5.2 1.006742e+04 1.004817e+04 1.005387e+04 1.007312e+04
6.2 1.004614e+04 1.005380e+04 1.005764e+04 1.004998e+04
7.2 1.009873e+04 1.008913e+04 1.006413e+04 1.007372e+04
0.7 1.001718e+04 1.007171e+04 1.006007e+04 1.000553e+04
1.7 1.011252e+04 1.008499e+04 1.005978e+04 1.008731e+04
2.7 1.012334e+04 1.005978e+04 1.004544e+04 1.010900e+04
3.7 1.006742e+04 1.004817e+04 1.005387e+04 1.007312e+04
4.7 1.004614e+04 1.005380e+04 1.005764e+04 1.004998e+04
5.7 1.009873e+04 1.008913e+04 1.006413e+04 1.007372e+04
6.7 1.005333e+04 1.006020e+04 1.004800e+04 1.004113e+04
7.7 1.004829e+04 1.003115e+04 1.004312e+04 1.006026e+04
0.9 1.006742e+04 1.004817e+04 1.005387e+04 1.007312e+04
1.9 1.004614e+04 1.005380e+04 1.005764e+04 1.004998e+04
2.9 1.009873e+04 1.008913e+04 1.006413e+04 1.007372e+04
3.9 1.005333e+04 1.006020e+04 1.004800e+04 1.004113e+04
4.9 1.004829e+04 1.003115e+04 1.004312e+04 1.006026e+04
5.9 1.001635e+04 1.002444e+04 1.004379e+04 1.003570e+04
6.9 1.011778e+04 1.005454e+04 1.006237e+04 1.012561e+04
7.9 1.000996e+04 1.007224e+04 1.006028e+04 9.997997e+03
0.5 1.004614e+04 1.005380e+04 1.005764e+04 1.004998e+04
1.5 1.009873e+04 1.008913e+04 1.006413e+04 1.007372e+04
2.5 1.005333e+04 1.006020e+04 1.004800e+04 1.004113e+04
3.5 1.004829e+04 1.003115e+04 1.004312e+04 1.006026e+04
4.5 1.001635e+04 1.002444e+04 1.004379e+04 1.003570e+04
5.5 1.011778e+04 1.005454e+04 1.006237e+04 1.012561e+04
6.5 1.000996e+04 1.007224e+04 1.006028e+04 9.997997e+03
7.5 1.007595e+04 1.008376e+04 1.006017e+04 1.005237e+04
0.2 1.001635e+04 1.002444e+04 1.004379e+04 1.003570e+04
1.2 1.011778e+04 1.005454e+04 1.006237e+04 1.012561e+04
2.2 1.000996e+04 1.007224e+04 1.006028e+04 9.997997e+03
3.2 1.007595e+04 1.008376e+04 1.006017e+04 1.005237e+04
4.2 1.004212e+04 1.006005e+04 1.004594e+04 1.002801e+04
5.2 1.003426e+04 1.005093e+04 1.005448e+04 1.003780e+04
6.2 1.007698e+04 1.008237e+04 1.005744e+04 1.005205e+04
7.2 1.006169e+04 1.005020e+04 1.004658e+04 1.005807e+04
0.7 1.000996e+04 1.007224e+04 1.006028e+04 9.997997e+03
1.7 1.007595e+04 1.008376e+04 1.006017e+04 1.005237e+04
2.7 1.004212e+04 1.006005e+04 1.004594e+04 1.002801e+04
3.7 1.003426e+04 1.005093e+04 1.005448e+04 1.003780e+04
4.7 1.007698e+04 1.008237e+04 1.005744e+04 1.005205e+04
5.7 1.006169e+04 1.005020e+04 1.004658e+04 1.005807e+04
6.7 1.000125e+04 1.002165e+04 1.004451e+04 1.002411e+04
7.7 1.001125e+04 1.003184e+04 1.004541e+04 1.002482e+04
0.9 1.003426e+04 1.005093e+04 1.005448e+04 1.003780e+04
1.9 1.007698e+04 1.008237e+04 1.005744e+04 1.005205e+04
2.9 1.006169e+04 1.005020e+04 1.004658e+04 1.005807e+04
3.9 1.000125e+04 1.002165e+04 1.004451e+04 1.002411e+04
4.9 1.001125e+04 1.003184e+04 1.004541e+04 1.002482e+04
5.9 9.966344e+03 1.003297e+04 1.004626e+04 9.979633e+03
6.9 1.007872e+04 1.002177e+04 1.004662e+04 1.010357e+04
7.9 1.004591e+04 1.003611e+04 1.004681e+04 1.005661e+04
0.9 1.002975e+04 1.005539e+04 1.005824e+04 1.003260e+04
1.9 1.015967e+04 1.006261e+04 1.006111e+04 1.015818e+04
2.9 1.001091e+04 1.008815e+04 1.006685e+04 9.989602e+03
3.9 1.003924e+04 1.007991e+04 1.005059e+04 1.000993e+04
4.9 1.001721e+04 1.004584e+04 1.004892e+04 1.002030e+04
5.9 1.004139e+04 1.008185e+04 1.006372e+04 1.002326e+04
6.9 1.004439e+04 1.005744e+04 1.005096e+04 1.003791e+04
7.9 1.001549e+04 1.004041e+04 1.004720e+04 1.002228e+04
0.5 1.015967e+04 1.006261e+04 1.006111e+04 1.015818e+04
1.5 1.001091e+04 1.008815e+04 1.006685e+04 9.989602e+03
2.5 1.003924e+04 1.007991e+04 1.005059e+04 1.000993e+04
3.5 1.001721e+04 1.004584e+04 1.004892e+04 1.002030e+04
4.5 1.004139e+04 1.008185e+04 1.006372e+04 1.002326e+04
5.5 1.004439e+04 1.005744e+04 1.005096e+04 1.003791e+04
6.5 1.001549e+04 1.004041e+04 1.004720e+04 1.002228e+04
7.5 1.011986e+04 1.006365e+04 1.004783e+04 1.010405e+04
0.6 1.001721e+04 1.004584e+04 1.004892e+04 1.002030e+04
1.6 1.004139e+04 1.008185e+04 1.006372e+04 1.002326e+04
2.6 1.004439e+04 1.005744e+04 1.005096e+04 1.003791e+04
3.6 1.001549e+04 1.004041e+04 1.004720e+04 1.002228e+04
4.6 1.011986e+04 1.006365e+04 1.004783e+04 1.010405e+04
5.6 1.007978e+04 1.004286e+04 1.004898e+04 1.008590e+04
6.6 1.005188e+04 1.003448e+04 1.004962e+04 1.006702e+04
7.6 1.003684e+04 1.004474e+04 1.005003e+04 1.004212e+04
