0.5 9.518760e+03 9.552489e+03 9.546583e+03 9.512854e+03
1.5 9.607486e+03 9.575040e+03 9.575530e+03 9.607976e+03
2.5 9.521356e+03 9.543760e+03 9.552320e+03 9.529916e+03
3.5 9.545822e+03 9.547068e+03 9.548043e+03 9.546796e+03
4.5 9.581584e+03 9.565223e+03 9.571144e+03 9.587505e+03
5.5 9.535880e+03 9.538211e+03 9.549277e+03 9.546946e+03
6.5 9.581357e+03 9.548433e+03 9.553755e+03 9.586680e+03
7.5 9.555349e+03 9.556727e+03 9.568328e+03 9.566951e+03
0.6 9.545822e+03 9.547068e+03 9.548043e+03 9.546796e+03
1.6 9.581584e+03 9.565223e+03 9.571144e+03 9.587505e+03
2.6 9.535880e+03 9.538211e+03 9.549277e+03 9.546946e+03
3.6 9.581357e+03 9.548433e+03 9.553755e+03 9.586680e+03
4.6 9.555349e+03 9.556727e+03 9.568328e+03 9.566951e+03
5.6 9.533948e+03 9.534417e+03 9.547813e+03 9.547344e+03
6.6 9.581982e+03 9.569785e+03 9.542856e+03 9.555053e+03
7.6 9.595611e+03 9.570025e+03 9.543976e+03 9.569562e+03
0.7 9.581357e+03 9.548433e+03 9.553755e+03 9.586680e+03
1.7 9.555349e+03 9.556727e+03 9.568328e+03 9.566951e+03
2.7 9.533948e+03 9.534417e+03 9.547813e+03 9.547344e+03
3.7 9.581982e+03 9.569785e+03 9.542856e+03 9.555053e+03
4.7 9.595611e+03 9.570025e+03 9.543976e+03 9.569562e+03
5.7 9.514009e+03 9.533776e+03 9.545425e+03 9.525659e+03
6.7 9.560511e+03 9.552744e+03 9.570525e+03 9.578292e+03
7.7 9.525130e+03 9.554584e+03 9.563436e+03 9.533981e+03
1.0 9.560511e+03 9.552744e+03 9.570525e+03 9.578292e+03
2.0 9.525130e+03 9.554584e+03 9.563436e+03 9.533981e+03
3.0 9.598060e+03 9.581554e+03 9.546492e+03 9.562998e+03
4.0 9.536679e+03 9.531298e+03 9.543784e+03 9.549165e+03
5.0 9.571595e+03 9.547621e+03 9.545277e+03 9.569250e+03
6.0 9.552545e+03 9.578578e+03 9.546412e+03 9.520379e+03
7.0 9.597247e+03 9.594529e+03 9.546798e+03 9.549516e+03
8.0 9.562632e+03 9.575776e+03 9.546937e+03 9.533793e+03
1.0 9.607439e+03 9.556216e+03 9.571595e+03 9.622818e+03
2.0 9.542637e+03 9.540305e+03 9.569429e+03 9.571761e+03
3.0 9.581538e+03 9.545834e+03 9.575511e+03 9.611215e+03
4.0 9.513096e+03 9.522919e+03 9.549206e+03 9.539383e+03
5.0 9.545739e+03 9.548597e+03 9.543110e+03 9.540251e+03
6.0 9.594549e+03 9.573711e+03 9.544466e+03 9.565304e+03
7.0 9.514519e+03 9.527000e+03 9.546015e+03 9.533534e+03
8.0 9.516242e+03 9.520178e+03 9.546436e+03 9.542499e+03
0.6 9.542637e+03 9.540305e+03 9.569429e+03 9.571761e+03
1.6 9.581538e+03 9.545834e+03 9.575511e+03 9.611215e+03
2.6 9.513096e+03 9.522919e+03 9.549206e+03 9.539383e+03
3.6 9.545739e+03 9.548597e+03 9.543110e+03 9.540251e+03
4.6 9.594549e+03 9.573711e+03 9.544466e+03 9.565304e+03
5.6 9.514519e+03 9.527000e+03 9.546015e+03 9.533534e+03
6.6 9.516242e+03 9.520178e+03 9.546436e+03 9.542499e+03
7.6 9.522324e+03 9.523246e+03 9.546357e+03 9.545436e+03
0.9 9.549382e+03 9.555628e+03 9.561751e+03 9.555505e+03
1.9 9.579446e+03 9.535890e+03 9.564410e+03 9.607966e+03
2.9 9.528902e+03 9.523203e+03 9.544316e+03 9.550015e+03
3.9 9.578012e+03 9.551541e+03 9.564414e+03 9.590885e+03
4.9 9.542691e+03 9.549558e+03 9.563147e+03 9.556280e+03
5.9 9.540255e+03 9.558056e+03 9.570174e+03 9.552373e+03
6.9 9.510149e+03 9.557754e+03 9.573000e+03 9.525395e+03
7.9 9.608875e+03 9.558597e+03 9.551452e+03 9.601731e+03
1.0 9.578012e+03 9.551541e+03 9.564414e+03 9.590885e+03
2.0 9.542691e+03 9.549558e+03 9.563147e+03 9.556280e+03
3.0 9.540255e+03 9.558056e+03 9.570174e+03 9.552373e+03
4.0 9.510149e+03 9.557754e+03 9.573000e+03 9.525395e+03
5.0 9.608875e+03 9.558597e+03 9.551452e+03 9.601731e+03
6.0 9.553721e+03 9.578292e+03 9.538640e+03 9.514070e+03
7.0 9.579716e+03 9.563260e+03 9.569156e+03 9.585611e+03
8.0 9.567495e+03 9.548277e+03 9.568626e+03 9.587844e+03
0.6 9.542691e+03 9.549558e+03 9.563147e+03 9.556280e+03
1.6 9.540255e+03 9.558056e+03 9.570174e+03 9.552373e+03
2.6 9.510149e+03 9.557754e+03 9.573000e+03 9.525395e+03
3.6 9.608875e+03 9.558597e+03 9.551452e+03 9.601731e+03
4.6 9.553721e+03 9.578292e+03 9.538640e+03 9.514070e+03
5.6 9.579716e+03 9.563260e+03 9.569156e+03 9.585611e+03
6.6 9.567495e+03 9.548277e+03 9.568626e+03 9.587844e+03
7.6 9.529903e+03 9.539813e+03 9.560850e+03 9.550939e+03
0.2 9.540255e+03 9.558056e+03 9.570174e+03 9.552373e+03
1.2 9.510149e+03 9.557754e+03 9.573000e+03 9.525395e+03
2.2 9.608875e+03 9.558597e+03 9.551452e+03 9.601731e+03
3.2 9.553721e+03 9.578292e+03 9.538640e+03 9.514070e+03
4.2 9.579716e+03 9.563260e+03 9.569156e+03 9.585611e+03
5.2 9.567495e+03 9.548277e+03 9.568626e+03 9.587844e+03
6.2 9.529903e+03 9.539813e+03 9.560850e+03 9.550939e+03
7.2 9.525888e+03 9.527932e+03 9.540468e+03 9.538424e+03
0.3 9.553721e+03 9.578292e+03 9.538640e+03 9.514070e+03
1.3 9.579716e+03 9.563260e+03 9.569156e+03 9.585611e+03
2.3 9.567495e+03 9.548277e+03 9.568626e+03 9.587844e+03
3.3 9.529903e+03 9.539813e+03 9.560850e+03 9.550939e+03
4.3 9.525888e+03 9.527932e+03 9.540468e+03 9.538424e+03
5.3 9.542701e+03 9.554647e+03 9.562449e+03 9.550503e+03
6.3 9.571947e+03 9.551755e+03 9.562290e+03 9.582481e+03
7.3 9.504672e+03 9.554252e+03 9.569813e+03 9.520233e+03
0.9 9.567495e+03 9.548277e+03 9.568626e+03 9.587844e+03
1.9 9.529903e+03 9.539813e+03 9.560850e+03 9.550939e+03
2.9 9.525888e+03 9.527932e+03 9.540468e+03 9.538424e+03
3.9 9.542701e+03 9.554647e+03 9.562449e+03 9.550503e+03
4.9 9.571947e+03 9.551755e+03 9.562290e+03 9.582481e+03
5.9 9.504672e+03 9.554252e+03 9.569813e+03 9.520233e+03
6.9 9.578669e+03 9.525769e+03 9.544037e+03 9.596937e+03
7.9 9.538988e+03 9.525189e+03 9.538181e+03 9.551980e+03
1.0 9.542701e+03 9.554647e+03 9.562449e+03 9.550503e+03
2.0 9.571947e+03 9.551755e+03 9.562290e+03 9.582481e+03
3.0 9.504672e+03 9.554252e+03 9.569813e+03 9.520233e+03
4.0 9.578669e+03 9.525769e+03 9.544037e+03 9.596937e+03
5.0 9.538988e+03 9.525189e+03 9.538181e+03 9.551980e+03
6.0 9.550915e+03 9.528129e+03 9.539741e+03 9.562527e+03
7.0 9.545326e+03 9.532936e+03 9.541496e+03 9.553886e+03
8.0 9.565524e+03 9.570428e+03 9.542138e+03 9.537234e+03
0.6 9.571947e+03 9.551755e+03 9.562290e+03 9.582481e+03
1.6 9.504672e+03 9.554252e+03 9.569813e+03 9.520233e+03
2.6 9.578669e+03 9.525769e+03 9.544037e+03 9.596937e+03
3.6 9.538988e+03 9.525189e+03 9.538181e+03 9.551980e+03
4.6 9.550915e+03 9.528129e+03 9.539741e+03 9.562527e+03
5.6 9.545326e+03 9.532936e+03 9.541496e+03 9.553886e+03
6.6 9.565524e+03 9.570428e+03 9.542138e+03 9.537234e+03
7.6 9.565120e+03 9.569337e+03 9.542309e+03 9.538092e+03
0.2 9.565341e+03 9.587853e+03 9.542423e+03 9.519911e+03
1.2 9.559790e+03 9.560871e+03 9.571346e+03 9.570266e+03
2.2 9.512824e+03 9.543575e+03 9.567035e+03 9.536284e+03
3.2 9.547347e+03 9.543445e+03 9.566559e+03 9.570461e+03
4.2 9.523217e+03 9.525476e+03 9.542732e+03 9.540473e+03
5.2 9.543733e+03 9.546066e+03 9.556743e+03 9.554410e+03
6.2 9.531595e+03 9.551600e+03 9.563008e+03 9.543003e+03
7.2 9.564489e+03 9.560194e+03 9.573775e+03 9.578069e+03
0.7 9.512824e+03 9.543575e+03 9.567035e+03 9.536284e+03
1.7 9.547347e+03 9.543445e+03 9.566559e+03 9.570461e+03
2.7 9.523217e+03 9.525476e+03 9.542732e+03 9.540473e+03
3.7 9.543733e+03 9.546066e+03 9.556743e+03 9.554410e+03
4.7 9.531595e+03 9.551600e+03 9.563008e+03 9.543003e+03
5.7 9.564489e+03 9.560194e+03 9.573775e+03 9.578069e+03
6.7 9.592118e+03 9.577661e+03 9.546982e+03 9.561439e+03
7.7 9.572804e+03 9.552233e+03 9.538877e+03 9.559448e+03
0.9 9.543733e+03 9.546066e+03 9.556743e+03 9.554410e+03
1.9 9.531595e+03 9.551600e+03 9.563008e+03 9.543003e+03
2.9 9.564489e+03 9.560194e+03 9.573775e+03 9.578069e+03
3.9 9.592118e+03 9.577661e+03 9.546982e+03 9.561439e+03
4.9 9.572804e+03 9.552233e+03 9.538877e+03 9.559448e+03
5.9 9.558819e+03 9.526949e+03 9.539992e+03 9.571863e+03
6.9 9.563217e+03 9.554301e+03 9.570853e+03 9.579769e+03
7.9 9.504947e+03 9.547919e+03 9.567380e+03 9.524408e+03
0.5 9.531595e+03 9.551600e+03 9.563008e+03 9.543003e+03
1.5 9.564489e+03 9.560194e+03 9.573775e+03 9.578069e+03
2.5 9.592118e+03 9.577661e+03 9.546982e+03 9.561439e+03
3.5 9.572804e+03 9.552233e+03 9.538877e+03 9.559448e+03
4.5 9.558819e+03 9.526949e+03 9.539992e+03 9.571863e+03
5.5 9.563217e+03 9.554301e+03 9.570853e+03 9.579769e+03
6.5 9.504947e+03 9.547919e+03 9.567380e+03 9.524408e+03
7.5 9.542007e+03 9.545346e+03 9.567205e+03 9.563865e+03
0.2 9.558819e+03 9.526949e+03 9.539992e+03 9.571863e+03
1.2 9.563217e+03 9.554301e+03 9.570853e+03 9.579769e+03
2.2 9.504947e+03 9.547919e+03 9.567380e+03 9.524408e+03
3.2 9.542007e+03 9.545346e+03 9.567205e+03 9.563865e+03
4.2 9.511511e+03 9.524592e+03 9.543564e+03 9.530483e+03
5.2 9.556315e+03 9.544405e+03 9.557743e+03 9.569653e+03
6.2 9.562584e+03 9.551111e+03 9.562676e+03 9.574150e+03
7.2 9.616729e+03 9.589723e+03 9.544621e+03 9.571627e+03
0.7 9.504947e+03 9.547919e+03 9.567380e+03 9.524408e+03
1.7 9.542007e+03 9.545346e+03 9.567205e+03 9.563865e+03
2.7 9.511511e+03 9.524592e+03 9.543564e+03 9.530483e+03
3.7 9.556315e+03 9.544405e+03 9.557743e+03 9.569653e+03
4.7 9.562584e+03 9.551111e+03 9.562676e+03 9.574150e+03
5.7 9.616729e+03 9.589723e+03 9.544621e+03 9.571627e+03
6.7 9.575904e+03 9.584919e+03 9.541194e+03 9.532179e+03
7.7 9.586312e+03 9.564370e+03 9.542686e+03 9.564628e+03
0.9 9.556315e+03 9.544405e+03 9.557743e+03 9.569653e+03
1.9 9.562584e+03 9.551111e+03 9.562676e+03 9.574150e+03
2.9 9.616729e+03 9.589723e+03 9.544621e+03 9.571627e+03
3.9 9.575904e+03 9.584919e+03 9.541194e+03 9.532179e+03
4.9 9.586312e+03 9.564370e+03 9.542686e+03 9.564628e+03
5.9 9.603023e+03 9.580221e+03 9.544091e+03 9.566894e+03
6.9 9.573511e+03 9.583636e+03 9.544697e+03 9.534573e+03
7.9 9.512805e+03 9.538231e+03 9.545016e+03 9.519590e+03
0.9 9.554739e+03 9.545392e+03 9.563991e+03 9.573338e+03
1.9 9.508157e+03 9.549615e+03 9.568769e+03 9.527311e+03
2.9 9.557729e+03 9.552653e+03 9.578296e+03 9.583372e+03
3.9 9.470747e+03 9.522614e+03 9.551298e+03 9.499430e+03
4.9 9.524254e+03 9.529256e+03 9.548519e+03 9.543517e+03
5.9 9.568148e+03 9.554812e+03 9.573099e+03 9.586435e+03
6.9 9.572622e+03 9.582308e+03 9.551912e+03 9.542226e+03
7.9 9.587007e+03 9.540154e+03 9.545657e+03 9.592509e+03
0.5 9.508157e+03 9.549615e+03 9.568769e+03 9.527311e+03
1.5 9.557729e+03 9.552653e+03 9.578296e+03 9.583372e+03
2.5 9.470747e+03 9.522614e+03 9.551298e+03 9.499430e+03
3.5 9.524254e+03 9.529256e+03 9.548519e+03 9.543517e+03
4.5 9.568148e+03 9.554812e+03 9.573099e+03 9.586435e+03
5.5 9.572622e+03 9.582308e+03 9.551912e+03 9.542226e+03
6.5 9.587007e+03 9.540154e+03 9.545657e+03 9.592509e+03
7.5 9.544531e+03 9.521227e+03 9.546711e+03 9.570015e+03
0.6 9.524254e+03 9.529256e+03 9.548519e+03 9.543517e+03
1.6 9.568148e+03 9.554812e+03 9.573099e+03 9.586435e+03
2.6 9.572622e+03 9.582308e+03 9.551912e+03 9.542226e+03
3.6 9.587007e+03 9.540154e+03 9.545657e+03 9.592509e+03
4.6 9.544531e+03 9.521227e+03 9.546711e+03 9.570015e+03
5.6 9.609725e+03 9.582856e+03 9.548611e+03 9.575479e+03
6.6 9.545828e+03 9.573618e+03 9.549678e+03 9.521889e+03
7.6 9.562796e+03 9.561611e+03 9.550361e+03 9.551546e+03
