0.9 1.014767e+04 1.012775e+04 1.010359e+04 1.012351e+04
1.9 1.014820e+04 1.013532e+04 1.010643e+04 1.011931e+04
2.9 1.006874e+04 1.010365e+04 1.010690e+04 1.007199e+04
3.9 1.007030e+04 1.008149e+04 1.010492e+04 1.009373e+04
4.9 1.008533e+04 1.008598e+04 1.010280e+04 1.010214e+04
5.9 1.017568e+04 1.013790e+04 1.010506e+04 1.014284e+04
6.9 1.014266e+04 1.010276e+04 1.010653e+04 1.014642e+04
7.9 1.013026e+04 1.010600e+04 1.010371e+04 1.012798e+04
0.6 1.008533e+04 1.008598e+04 1.010280e+04 1.010214e+04
1.6 1.017568e+04 1.013790e+04 1.010506e+04 1.014284e+04
2.6 1.014266e+04 1.010276e+04 1.010653e+04 1.014642e+04
3.6 1.013026e+04 1.010600e+04 1.010371e+04 1.012798e+04
4.6 1.011075e+04 1.012970e+04 1.010328e+04 1.008434e+04
5.6 1.015431e+04 1.014811e+04 1.010497e+04 1.011117e+04
6.6 1.008800e+04 1.013561e+04 1.010616e+04 1.005855e+04
7.6 1.005397e+04 1.012306e+04 1.010484e+04 1.003574e+04
0.7 1.013026e+04 1.010600e+04 1.010371e+04 1.012798e+04
1.7 1.011075e+04 1.012970e+04 1.010328e+04 1.008434e+04
2.7 1.015431e+04 1.014811e+04 1.010497e+04 1.011117e+04
3.7 1.008800e+04 1.013561e+04 1.010616e+04 1.005855e+04
4.7 1.005397e+04 1.012306e+04 1.010484e+04 1.003574e+04
5.7 1.013525e+04 1.014499e+04 1.010629e+04 1.009655e+04
6.7 1.012829e+04 1.009106e+04 1.010749e+04 1.014472e+04
7.7 1.010217e+04 1.007411e+04 1.010547e+04 1.013352e+04
0.3 1.011075e+04 1.012970e+04 1.010328e+04 1.008434e+04
1.3 1.015431e+04 1.014811e+04 1.010497e+04 1.011117e+04
2.3 1.008800e+04 1.013561e+04 1.010616e+04 1.005855e+04
3.3 1.005397e+04 1.012306e+04 1.010484e+04 1.003574e+04
4.3 1.013525e+04 1.014499e+04 1.010629e+04 1.009655e+04
5.3 1.012829e+04 1.009106e+04 1.010749e+04 1.014472e+04
6.3 1.010217e+04 1.007411e+04 1.010547e+04 1.013352e+04
7.3 1.010320e+04 1.006909e+04 1.010478e+04 1.013889e+04
0.9 1.008800e+04 1.013561e+04 1.010616e+04 1.005855e+04
1.9 1.005397e+04 1.012306e+04 1.010484e+04 1.003574e+04
2.9 1.013525e+04 1.014499e+04 1.010629e+04 1.009655e+04
3.9 1.012829e+04 1.009106e+04 1.010749e+04 1.014472e+04
4.9 1.010217e+04 1.007411e+04 1.010547e+04 1.013352e+04
5.9 1.010320e+04 1.006909e+04 1.010478e+04 1.013889e+04
6.9 1.006698e+04 1.008098e+04 1.010398e+04 1.008998e+04
7.9 1.012730e+04 1.010779e+04 1.010310e+04 1.012261e+04
0.5 1.005397e+04 1.012306e+04 1.010484e+04 1.003574e+04
1.5 1.013525e+04 1.014499e+04 1.010629e+04 1.009655e+04
2.5 1.012829e+04 1.009106e+04 1.010749e+04 1.014472e+04
3.5 1.010217e+04 1.007411e+04 1.010547e+04 1.013352e+04
4.5 1.010320e+04 1.006909e+04 1.010478e+04 1.013889e+04
5.5 1.006698e+04 1.008098e+04 1.010398e+04 1.008998e+04
6.5 1.012730e+04 1.010779e+04 1.010310e+04 1.012261e+04
7.5 1.016672e+04 1.013550e+04 1.010568e+04 1.013690e+04
0.7 1.012730e+04 1.010779e+04 1.010310e+04 1.012261e+04
1.7 1.016672e+04 1.013550e+04 1.010568e+04 1.013690e+04
2.7 1.006841e+04 1.009792e+04 1.010709e+04 1.007757e+04
3.7 1.006834e+04 1.008615e+04 1.010535e+04 1.008754e+04
4.7 1.004514e+04 1.008727e+04 1.010483e+04 1.006271e+04
5.7 1.004608e+04 1.008983e+04 1.010487e+04 1.006112e+04
6.7 1.007145e+04 1.009064e+04 1.010457e+04 1.008538e+04
7.7 1.007035e+04 1.009842e+04 1.010288e+04 1.007481e+04
0.6 1.007035e+04 1.009842e+04 1.010288e+04 1.007481e+04
1.6 1.010216e+04 1.013924e+04 1.010292e+04 1.006585e+04
2.6 1.012807e+04 1.015191e+04 1.010556e+04 1.008172e+04
3.6 1.016123e+04 1.013242e+04 1.010592e+04 1.013473e+04
4.6 1.015798e+04 1.013170e+04 1.010443e+04 1.013070e+04
5.6 1.014858e+04 1.015131e+04 1.010629e+04 1.010356e+04
6.6 1.013136e+04 1.010350e+04 1.010758e+04 1.013543e+04
7.6 1.011992e+04 1.007763e+04 1.010567e+04 1.014795e+04
0.2 1.010216e+04 1.013924e+04 1.010292e+04 1.006585e+04
1.2 1.012807e+04 1.015191e+04 1.010556e+04 1.008172e+04
2.2 1.016123e+04 1.013242e+04 1.010592e+04 1.013473e+04
3.2 1.015798e+04 1.013170e+04 1.010443e+04 1.013070e+04
4.2 1.014858e+04 1.015131e+04 1.010629e+04 1.010356e+04
5.2 1.013136e+04 1.010350e+04 1.010758e+04 1.013543e+04
6.2 1.011992e+04 1.007763e+04 1.010567e+04 1.014795e+04
7.2 1.013623e+04 1.008970e+04 1.010478e+04 1.015131e+04
0.7 1.016123e+04 1.013242e+04 1.010592e+04 1.013473e+04
1.7 1.015798e+04 1.013170e+04 1.010443e+04 1.013070e+04
2.7 1.014858e+04 1.015131e+04 1.010629e+04 1.010356e+04
3.7 1.013136e+04 1.010350e+04 1.010758e+04 1.013543e+04
4.7 1.011992e+04 1.007763e+04 1.010567e+04 1.014795e+04
5.7 1.013623e+04 1.008970e+04 1.010478e+04 1.015131e+04
6.7 1.010969e+04 1.008787e+04 1.010478e+04 1.012660e+04
7.7 1.005380e+04 1.008836e+04 1.010491e+04 1.007035e+04
0.3 1.015798e+04 1.013170e+04 1.010443e+04 1.013070e+04
1.3 1.014858e+04 1.015131e+04 1.010629e+04 1.010356e+04
2.3 1.013136e+04 1.010350e+04 1.010758e+04 1.013543e+04
3.3 1.011992e+04 1.007763e+04 1.010567e+04 1.014795e+04
4.3 1.013623e+04 1.008970e+04 1.010478e+04 1.015131e+04
5.3 1.010969e+04 1.008787e+04 1.010478e+04 1.012660e+04
6.3 1.005380e+04 1.008836e+04 1.010491e+04 1.007035e+04
7.3 1.007775e+04 1.008675e+04 1.010498e+04 1.009598e+04
0.7 1.014397e+04 1.010608e+04 1.010316e+04 1.014105e+04
1.7 1.012374e+04 1.014681e+04 1.010569e+04 1.008262e+04
2.7 1.014270e+04 1.009891e+04 1.010710e+04 1.015088e+04
3.7 1.008535e+04 1.008175e+04 1.010536e+04 1.010896e+04
4.7 1.004649e+04 1.008312e+04 1.010485e+04 1.006823e+04
5.7 1.008609e+04 1.009902e+04 1.010489e+04 1.009196e+04
6.7 1.008842e+04 1.009368e+04 1.010499e+04 1.009973e+04
7.7 1.009643e+04 1.009167e+04 1.010502e+04 1.010979e+04
0.9 1.014377e+04 1.012894e+04 1.010351e+04 1.011834e+04
1.9 1.014313e+04 1.013669e+04 1.010636e+04 1.011280e+04
2.9 1.011946e+04 1.010074e+04 1.010500e+04 1.012373e+04
3.9 1.013935e+04 1.013465e+04 1.010365e+04 1.010836e+04
4.9 1.010315e+04 1.013370e+04 1.010464e+04 1.007409e+04
5.9 1.010824e+04 1.015260e+04 1.010652e+04 1.006216e+04
6.9 1.010088e+04 1.009517e+04 1.010744e+04 1.011315e+04
7.9 1.007430e+04 1.007976e+04 1.010537e+04 1.009991e+04
1.0 1.013935e+04 1.013465e+04 1.010365e+04 1.010836e+04
2.0 1.010315e+04 1.013370e+04 1.010464e+04 1.007409e+04
3.0 1.010824e+04 1.015260e+04 1.010652e+04 1.006216e+04
4.0 1.010088e+04 1.009517e+04 1.010744e+04 1.011315e+04
5.0 1.007430e+04 1.007976e+04 1.010537e+04 1.009991e+04
6.0 1.008441e+04 1.007868e+04 1.010480e+04 1.011053e+04
7.0 1.008455e+04 1.009406e+04 1.010487e+04 1.009536e+04
8.0 1.011030e+04 1.009371e+04 1.010499e+04 1.012158e+04
0.6 1.010315e+04 1.013370e+04 1.010464e+04 1.007409e+04
1.6 1.010824e+04 1.015260e+04 1.010652e+04 1.006216e+04
2.6 1.010088e+04 1.009517e+04 1.010744e+04 1.011315e+04
3.6 1.007430e+04 1.007976e+04 1.010537e+04 1.009991e+04
4.6 1.008441e+04 1.007868e+04 1.010480e+04 1.011053e+04
5.6 1.008455e+04 1.009406e+04 1.010487e+04 1.009536e+04
6.6 1.011030e+04 1.009371e+04 1.010499e+04 1.012158e+04
7.6 1.009109e+04 1.009055e+04 1.010503e+04 1.010557e+04
1.0 1.015240e+04 1.013024e+04 1.010383e+04 1.012599e+04
2.0 1.014187e+04 1.012830e+04 1.010693e+04 1.012050e+04
3.0 1.013102e+04 1.010364e+04 1.010654e+04 1.013392e+04
4.0 1.006483e+04 1.008302e+04 1.010515e+04 1.008696e+04
5.0 1.004517e+04 1.008144e+04 1.010486e+04 1.006859e+04
6.0 1.007371e+04 1.007993e+04 1.010495e+04 1.009873e+04
7.0 1.009472e+04 1.009269e+04 1.010502e+04 1.010705e+04
8.0 1.009001e+04 1.009082e+04 1.010493e+04 1.010412e+04
0.5 1.007529e+04 1.008378e+04 1.010276e+04 1.009427e+04
1.5 1.015389e+04 1.014046e+04 1.010286e+04 1.011630e+04
2.5 1.013254e+04 1.015007e+04 1.010591e+04 1.008838e+04
3.5 1.018453e+04 1.012933e+04 1.010553e+04 1.016073e+04
4.5 1.017891e+04 1.013747e+04 1.010437e+04 1.014581e+04
5.5 1.010833e+04 1.014592e+04 1.010639e+04 1.006880e+04
6.5 1.008094e+04 1.011041e+04 1.010759e+04 1.007812e+04
7.5 1.008169e+04 1.008618e+04 1.010600e+04 1.010151e+04
1.0 1.013254e+04 1.015007e+04 1.010591e+04 1.008838e+04
2.0 1.018453e+04 1.012933e+04 1.010553e+04 1.016073e+04
3.0 1.017891e+04 1.013747e+04 1.010437e+04 1.014581e+04
4.0 1.010833e+04 1.014592e+04 1.010639e+04 1.006880e+04
5.0 1.008094e+04 1.011041e+04 1.010759e+04 1.007812e+04
6.0 1.008169e+04 1.008618e+04 1.010600e+04 1.010151e+04
7.0 1.007709e+04 1.008735e+04 1.010489e+04 1.009463e+04
8.0 1.011031e+04 1.008324e+04 1.010482e+04 1.013189e+04
0.6 1.018453e+04 1.012933e+04 1.010553e+04 1.016073e+04
1.6 1.017891e+04 1.013747e+04 1.010437e+04 1.014581e+04
2.6 1.010833e+04 1.014592e+04 1.010639e+04 1.006880e+04
3.6 1.008094e+04 1.011041e+04 1.010759e+04 1.007812e+04
4.6 1.008169e+04 1.008618e+04 1.010600e+04 1.010151e+04
5.6 1.007709e+04 1.008735e+04 1.010489e+04 1.009463e+04
6.6 1.011031e+04 1.008324e+04 1.010482e+04 1.013189e+04
7.6 1.004472e+04 1.008123e+04 1.010496e+04 1.006845e+04
0.2 1.017891e+04 1.013747e+04 1.010437e+04 1.014581e+04
1.2 1.010833e+04 1.014592e+04 1.010639e+04 1.006880e+04
2.2 1.008094e+04 1.011041e+04 1.010759e+04 1.007812e+04
3.2 1.008169e+04 1.008618e+04 1.010600e+04 1.010151e+04
4.2 1.007709e+04 1.008735e+04 1.010489e+04 1.009463e+04
5.2 1.011031e+04 1.008324e+04 1.010482e+04 1.013189e+04
6.2 1.004472e+04 1.008123e+04 1.010496e+04 1.006845e+04
7.2 1.004782e+04 1.007212e+04 1.010504e+04 1.008073e+04
0.2 1.006456e+04 1.007381e+04 1.010291e+04 1.009366e+04
1.2 1.014445e+04 1.012882e+04 1.010416e+04 1.011979e+04
2.2 1.016500e+04 1.011053e+04 1.010735e+04 1.016183e+04
3.2 1.011996e+04 1.008241e+04 1.010399e+04 1.014154e+04
4.2 1.012958e+04 1.012993e+04 1.010310e+04 1.010275e+04
5.2 1.011072e+04 1.012893e+04 1.010575e+04 1.008754e+04
6.2 1.012309e+04 1.011549e+04 1.010501e+04 1.011262e+04
7.2 1.012977e+04 1.013023e+04 1.010650e+04 1.010604e+04
0.3 1.011996e+04 1.008241e+04 1.010399e+04 1.014154e+04
1.3 1.012958e+04 1.012993e+04 1.010310e+04 1.010275e+04
2.3 1.011072e+04 1.012893e+04 1.010575e+04 1.008754e+04
3.3 1.012309e+04 1.011549e+04 1.010501e+04 1.011262e+04
4.3 1.012977e+04 1.013023e+04 1.010650e+04 1.010604e+04
0.9 1.011072e+04 1.012893e+04 1.010575e+04 1.008754e+04
1.9 1.012309e+04 1.011549e+04 1.010501e+04 1.011262e+04
2.9 1.012977e+04 1.013023e+04 1.010650e+04 1.010604e+04
0.5 1.012309e+04 1.011549e+04 1.010501e+04 1.011262e+04
1.5 1.012977e+04 1.013023e+04 1.010650e+04 1.010604e+04
