1.065929e+04 1.069720e+04 1.069148e+04 1.066501e+04
1.074197e+04 1.069657e+04 1.069214e+04 1.074640e+04
1.065363e+04 1.069596e+04 1.069301e+04 1.065658e+04
1.071179e+04 1.069597e+04 1.069790e+04 1.070986e+04
1.071362e+04 1.070705e+04 1.071234e+04 1.070833e+04
1.068884e+04 1.069721e+04 1.069615e+04 1.068990e+04
1.070980e+04 1.069498e+04 1.069972e+04 1.070506e+04
1.067721e+04 1.070373e+04 1.071159e+04 1.066935e+04
1.069021e+04 1.069445e+04 1.069779e+04 1.068686e+04
1.072891e+04 1.069576e+04 1.070519e+04 1.071948e+04
1.070028e+04 1.070113e+04 1.071133e+04 1.069009e+04
1.068395e+04 1.069245e+04 1.070431e+04 1.067209e+04
1.073452e+04 1.070259e+04 1.068760e+04 1.074951e+04
1.072799e+04 1.070471e+04 1.067368e+04 1.075902e+04
1.066493e+04 1.069124e+04 1.069498e+04 1.066120e+04
1.075429e+04 1.069813e+04 1.072175e+04 1.073066e+04
1.070611e+04 1.069935e+04 1.071685e+04 1.068861e+04
1.067033e+04 1.070912e+04 1.067400e+04 1.070545e+04
1.065031e+04 1.069185e+04 1.069079e+04 1.065136e+04
1.070991e+04 1.069487e+04 1.070143e+04 1.070335e+04
1.068067e+04 1.070519e+04 1.068995e+04 1.069590e+04
1.070383e+04 1.071213e+04 1.067281e+04 1.074314e+04
1.068149e+04 1.070678e+04 1.067508e+04 1.071319e+04
1.068354e+04 1.070236e+04 1.068740e+04 1.069850e+04
1.067925e+04 1.070900e+04 1.067426e+04 1.071399e+04
1.071655e+04 1.070125e+04 1.070737e+04 1.071043e+04
1.071005e+04 1.069523e+04 1.072050e+04 1.068479e+04
1.073263e+04 1.069851e+04 1.072318e+04 1.070795e+04
1.071942e+04 1.068926e+04 1.070863e+04 1.070005e+04
1.073189e+04 1.069505e+04 1.070066e+04 1.072627e+04
1.067437e+04 1.070534e+04 1.067680e+04 1.070292e+04
1.072944e+04 1.069078e+04 1.069266e+04 1.072755e+04
1.073073e+04 1.068712e+04 1.070600e+04 1.071185e+04
1.066327e+04 1.068777e+04 1.070728e+04 1.064377e+04
1.065251e+04 1.068867e+04 1.070560e+04 1.063558e+04
1.070571e+04 1.068897e+04 1.070622e+04 1.068846e+04
1.071720e+04 1.069258e+04 1.070847e+04 1.070131e+04
1.067241e+04 1.070863e+04 1.068521e+04 1.069583e+04
1.066590e+04 1.071244e+04 1.066750e+04 1.071085e+04
1.072270e+04 1.070435e+04 1.067690e+04 1.075015e+04
1.071900e+04 1.070446e+04 1.068314e+04 1.074032e+04
1.064461e+04 1.071018e+04 1.066827e+04 1.068652e+04
1.069466e+04 1.070065e+04 1.069645e+04 1.069886e+04
1.070051e+04 1.069502e+04 1.071176e+04 1.068377e+04
1.062907e+04 1.068757e+04 1.070550e+04 1.061114e+04
1.071101e+04 1.069717e+04 1.071692e+04 1.069126e+04
1.071727e+04 1.069741e+04 1.071303e+04 1.070166e+04
1.074929e+04 1.070051e+04 1.071679e+04 1.073301e+04
1.072968e+04 1.070180e+04 1.071865e+04 1.071284e+04
1.071200e+04 1.070099e+04 1.069812e+04 1.071488e+04
1.061687e+04 1.070557e+04 1.067149e+04 1.065095e+04
1.073020e+04 1.070266e+04 1.070528e+04 1.072757e+04
1.072878e+04 1.069862e+04 1.071390e+04 1.071350e+04
1.071015e+04 1.069617e+04 1.070862e+04 1.069770e+04
1.071155e+04 1.068893e+04 1.069891e+04 1.070157e+04
1.074635e+04 1.069809e+04 1.071277e+04 1.073166e+04
1.073391e+04 1.069809e+04 1.071079e+04 1.072121e+04
1.064589e+04 1.070112e+04 1.071210e+04 1.063490e+04
1.072624e+04 1.069076e+04 1.069595e+04 1.072105e+04
1.067614e+04 1.068838e+04 1.069575e+04 1.066877e+04
1.074000e+04 1.068896e+04 1.069755e+04 1.073141e+04
1.070598e+04 1.068962e+04 1.070469e+04 1.069091e+04
1.070458e+04 1.070239e+04 1.068795e+04 1.071903e+04
1.065380e+04 1.070448e+04 1.067217e+04 1.068610e+04
1.066220e+04 1.069075e+04 1.069781e+04 1.065515e+04
1.064205e+04 1.070480e+04 1.068408e+04 1.066278e+04
1.065727e+04 1.070405e+04 1.068071e+04 1.068061e+04
1.060388e+04 1.070900e+04 1.066843e+04 1.064446e+04
1.064983e+04 1.070262e+04 1.070564e+04 1.064681e+04
1.066892e+04 1.069670e+04 1.071519e+04 1.065042e+04
1.073847e+04 1.069745e+04 1.071396e+04 1.072196e+04
1.072098e+04 1.068898e+04 1.070020e+04 1.070976e+04
1.073872e+04 1.069493e+04 1.071057e+04 1.072308e+04
1.071035e+04 1.069744e+04 1.071356e+04 1.069423e+04
1.076741e+04 1.070169e+04 1.072433e+04 1.074478e+04
1.070190e+04 1.070781e+04 1.068029e+04 1.072942e+04
1.068961e+04 1.069940e+04 1.067207e+04 1.071695e+04
1.072094e+04 1.068793e+04 1.069573e+04 1.071313e+04
1.070941e+04 1.069824e+04 1.072199e+04 1.068566e+04
1.072272e+04 1.069769e+04 1.071660e+04 1.070381e+04
1.068628e+04 1.069823e+04 1.071298e+04 1.067153e+04
1.070109e+04 1.068883e+04 1.070071e+04 1.068921e+04
1.069580e+04 1.069445e+04 1.071253e+04 1.067772e+04
1.071484e+04 1.069736e+04 1.072019e+04 1.069201e+04
1.066200e+04 1.071006e+04 1.068032e+04 1.069174e+04
1.066870e+04 1.070948e+04 1.066563e+04 1.071256e+04
1.070959e+04 1.070193e+04 1.068029e+04 1.073123e+04
1.067219e+04 1.070649e+04 1.068061e+04 1.069807e+04
1.068554e+04 1.070946e+04 1.066779e+04 1.072722e+04
1.071021e+04 1.069506e+04 1.068302e+04 1.072225e+04
1.069613e+04 1.068621e+04 1.070307e+04 1.067927e+04
1.070721e+04 1.068612e+04 1.071059e+04 1.068275e+04
1.069372e+04 1.069479e+04 1.072010e+04 1.066841e+04
1.073343e+04 1.069724e+04 1.072041e+04 1.071025e+04
1.075273e+04 1.070104e+04 1.072190e+04 1.073187e+04
1.064380e+04 1.069002e+04 1.070533e+04 1.062849e+04
1.076538e+04 1.068867e+04 1.070990e+04 1.074414e+04
1.068998e+04 1.069827e+04 1.073197e+04 1.065628e+04
1.069350e+04 1.070947e+04 1.068290e+04 1.072007e+04
1.067413e+04 1.069593e+04 1.068297e+04 1.068710e+04
1.074363e+04 1.068617e+04 1.071415e+04 1.071565e+04
1.071085e+04 1.070653e+04 1.069157e+04 1.072580e+04
1.068892e+04 1.070576e+04 1.068170e+04 1.071298e+04
1.064227e+04 1.070112e+04 1.069233e+04 1.065106e+04
1.067499e+04 1.070678e+04 1.067834e+04 1.070343e+04
1.071832e+04 1.068864e+04 1.069342e+04 1.071354e+04
