9.088272e+03 9.118268e+03 9.115760e+03 9.090780e+03
9.156078e+03 9.116941e+03 9.113904e+03 9.159115e+03
9.077365e+03 9.115676e+03 9.112457e+03 9.080584e+03
9.082647e+03 9.116192e+03 9.119210e+03 9.079629e+03
9.190504e+03 9.148337e+03 9.159632e+03 9.179208e+03
9.090804e+03 9.120660e+03 9.113634e+03 9.097830e+03
9.106676e+03 9.114724e+03 9.114814e+03 9.106586e+03
9.186956e+03 9.140212e+03 9.147260e+03 9.179908e+03
9.091557e+03 9.114114e+03 9.106512e+03 9.099160e+03
9.155270e+03 9.118284e+03 9.119962e+03 9.153593e+03
9.141567e+03 9.134067e+03 9.137159e+03 9.138475e+03
9.095086e+03 9.109625e+03 9.104641e+03 9.100070e+03
9.144508e+03 9.128030e+03 9.135930e+03 9.136609e+03
9.162294e+03 9.132629e+03 9.131080e+03 9.163843e+03
9.079882e+03 9.106396e+03 9.096854e+03 9.089424e+03
9.156401e+03 9.128872e+03 9.135704e+03 9.149568e+03
9.090374e+03 9.128809e+03 9.136394e+03 9.082789e+03
9.145327e+03 9.142271e+03 9.146229e+03 9.141369e+03
9.077217e+03 9.107017e+03 9.093648e+03 9.090585e+03
9.137540e+03 9.113539e+03 9.116205e+03 9.134874e+03
9.115607e+03 9.134431e+03 9.147444e+03 9.102594e+03
9.160715e+03 9.148347e+03 9.159415e+03 9.149647e+03
9.147611e+03 9.137772e+03 9.139073e+03 9.146310e+03
9.109895e+03 9.129025e+03 9.132573e+03 9.106348e+03
9.156429e+03 9.142213e+03 9.149803e+03 9.148839e+03
9.188886e+03 9.135445e+03 9.134447e+03 9.189885e+03
9.111770e+03 9.122740e+03 9.121664e+03 9.112846e+03
9.169040e+03 9.131388e+03 9.132013e+03 9.168415e+03
9.082192e+03 9.103791e+03 9.093993e+03 9.091989e+03
9.113621e+03 9.113132e+03 9.116835e+03 9.109918e+03
9.153516e+03 9.134050e+03 9.136506e+03 9.151060e+03
9.085316e+03 9.105675e+03 9.089918e+03 9.101073e+03
9.089145e+03 9.098573e+03 9.087272e+03 9.100446e+03
9.108838e+03 9.099828e+03 9.091222e+03 9.117445e+03
9.038740e+03 9.101533e+03 9.093446e+03 9.046827e+03
9.072702e+03 9.102044e+03 9.095470e+03 9.079276e+03
9.121418e+03 9.109112e+03 9.113002e+03 9.117528e+03
9.149996e+03 9.140882e+03 9.157720e+03 9.133157e+03
9.140227e+03 9.148324e+03 9.156509e+03 9.132042e+03
9.147122e+03 9.132138e+03 9.131985e+03 9.147275e+03
9.135537e+03 9.132244e+03 9.138799e+03 9.128982e+03
9.147168e+03 9.143471e+03 9.150140e+03 9.140500e+03
9.095899e+03 9.130802e+03 9.127111e+03 9.099589e+03
9.155617e+03 9.120563e+03 9.113280e+03 9.162900e+03
9.075436e+03 9.098715e+03 9.089930e+03 9.084221e+03
9.158923e+03 9.124827e+03 9.130799e+03 9.152951e+03
9.132109e+03 9.124858e+03 9.127523e+03 9.129444e+03
9.121893e+03 9.133479e+03 9.140276e+03 9.115096e+03
9.081344e+03 9.137036e+03 9.143049e+03 9.075330e+03
9.184183e+03 9.127854e+03 9.131290e+03 9.180747e+03
9.105840e+03 9.132456e+03 9.137254e+03 9.101042e+03
9.144396e+03 9.137382e+03 9.140528e+03 9.141249e+03
9.157866e+03 9.129194e+03 9.128753e+03 9.158307e+03
9.122048e+03 9.121588e+03 9.116176e+03 9.127460e+03
9.094288e+03 9.100066e+03 9.091692e+03 9.102661e+03
9.118891e+03 9.125957e+03 9.132072e+03 9.112775e+03
9.156461e+03 9.125907e+03 9.128858e+03 9.153511e+03
9.088233e+03 9.134558e+03 9.135767e+03 9.087024e+03
9.161001e+03 9.104943e+03 9.091083e+03 9.174860e+03
9.112242e+03 9.098164e+03 9.087127e+03 9.123278e+03
9.115265e+03 9.099878e+03 9.091117e+03 9.124026e+03
9.113148e+03 9.101801e+03 9.099710e+03 9.115239e+03
9.117176e+03 9.127378e+03 9.136314e+03 9.108241e+03
9.111427e+03 9.131573e+03 9.129409e+03 9.113591e+03
9.082563e+03 9.104354e+03 9.096951e+03 9.089966e+03
9.149232e+03 9.132253e+03 9.142401e+03 9.139084e+03
9.101029e+03 9.130757e+03 9.135909e+03 9.095878e+03
9.134169e+03 9.140601e+03 9.147390e+03 9.127380e+03
9.130215e+03 9.138087e+03 9.138886e+03 9.129416e+03
9.073331e+03 9.124806e+03 9.123250e+03 9.074888e+03
9.122644e+03 9.126135e+03 9.123635e+03 9.125144e+03
9.090436e+03 9.100958e+03 9.090681e+03 9.100712e+03
9.119717e+03 9.117680e+03 9.120023e+03 9.117373e+03
9.104228e+03 9.124876e+03 9.129344e+03 9.099759e+03
9.147878e+03 9.137093e+03 9.147948e+03 9.137023e+03
9.155192e+03 9.139830e+03 9.145128e+03 9.149894e+03
9.133053e+03 9.120295e+03 9.109453e+03 9.143895e+03
9.122295e+03 9.097903e+03 9.087550e+03 9.132648e+03
9.157809e+03 9.129214e+03 9.137111e+03 9.149912e+03
9.084865e+03 9.126908e+03 9.128712e+03 9.083060e+03
9.121410e+03 9.127907e+03 9.125584e+03 9.123733e+03
9.073003e+03 9.100954e+03 9.090084e+03 9.083874e+03
9.137723e+03 9.117080e+03 9.119210e+03 9.135593e+03
9.151106e+03 9.124597e+03 9.132838e+03 9.142865e+03
9.194057e+03 9.143478e+03 9.157354e+03 9.180181e+03
9.143510e+03 9.141118e+03 9.144467e+03 9.140161e+03
9.136284e+03 9.126645e+03 9.126701e+03 9.136229e+03
9.152931e+03 9.136198e+03 9.145208e+03 9.143920e+03
9.144751e+03 9.142316e+03 9.144636e+03 9.142431e+03
9.084917e+03 9.113827e+03 9.098907e+03 9.099837e+03
9.096915e+03 9.096351e+03 9.081276e+03 9.111990e+03
9.089549e+03 9.096279e+03 9.089870e+03 9.095959e+03
9.130072e+03 9.119960e+03 9.124628e+03 9.125404e+03
9.082081e+03 9.126488e+03 9.131390e+03 9.077179e+03
9.152160e+03 9.137381e+03 9.139896e+03 9.149644e+03
9.038815e+03 9.106026e+03 9.092891e+03 9.051950e+03
9.096964e+03 9.102367e+03 9.098333e+03 9.100998e+03
9.168607e+03 9.130053e+03 9.143338e+03 9.155323e+03
9.142639e+03 9.144852e+03 9.152314e+03 9.135176e+03
9.147652e+03 9.115788e+03 9.101578e+03 9.161862e+03
9.097955e+03 9.096782e+03 9.091358e+03 9.103379e+03
9.190883e+03 9.137854e+03 9.153417e+03 9.175320e+03
9.109539e+03 9.136706e+03 9.139734e+03 9.106511e+03
9.126491e+03 9.127732e+03 9.130236e+03 9.123987e+03
9.144327e+03 9.139218e+03 9.139857e+03 9.143687e+03
9.064443e+03 9.103435e+03 9.078103e+03 9.089775e+03
