1.010180e+04 1.010591e+04 1.011243e+04 1.009527e+04
1.011325e+04 1.010488e+04 1.011117e+04 1.010696e+04
1.007968e+04 1.010386e+04 1.011012e+04 1.007342e+04
1.009131e+04 1.010331e+04 1.011274e+04 1.008188e+04
1.012528e+04 1.011118e+04 1.009500e+04 1.014147e+04
1.008161e+04 1.010317e+04 1.009842e+04 1.008636e+04
1.012628e+04 1.010094e+04 1.010629e+04 1.012092e+04
1.006541e+04 1.010708e+04 1.009225e+04 1.008024e+04
1.011888e+04 1.009951e+04 1.009746e+04 1.012093e+04
1.012313e+04 1.010000e+04 1.010006e+04 1.012308e+04
1.008694e+04 1.010361e+04 1.008863e+04 1.010192e+04
1.011579e+04 1.009654e+04 1.009187e+04 1.012046e+04
1.014767e+04 1.011660e+04 1.012775e+04 1.013652e+04
1.014820e+04 1.011990e+04 1.013532e+04 1.013278e+04
1.006874e+04 1.009538e+04 1.010365e+04 1.006047e+04
1.007030e+04 1.009737e+04 1.008149e+04 1.008618e+04
1.008533e+04 1.010243e+04 1.008598e+04 1.010178e+04
1.017568e+04 1.012672e+04 1.013790e+04 1.016450e+04
1.014266e+04 1.009712e+04 1.010276e+04 1.013701e+04
1.013026e+04 1.010188e+04 1.010600e+04 1.012614e+04
1.011075e+04 1.011976e+04 1.012970e+04 1.010081e+04
1.015431e+04 1.013193e+04 1.014811e+04 1.013813e+04
1.008800e+04 1.012237e+04 1.013561e+04 1.007476e+04
1.005397e+04 1.011449e+04 1.012306e+04 1.004539e+04
1.013525e+04 1.012625e+04 1.014499e+04 1.011651e+04
1.012829e+04 1.010248e+04 1.009106e+04 1.013971e+04
1.010217e+04 1.009268e+04 1.007411e+04 1.012073e+04
1.010320e+04 1.009602e+04 1.006909e+04 1.013014e+04
1.006698e+04 1.009032e+04 1.008098e+04 1.007632e+04
1.012730e+04 1.010308e+04 1.010779e+04 1.012259e+04
1.016672e+04 1.012082e+04 1.013550e+04 1.015205e+04
1.006841e+04 1.009431e+04 1.009792e+04 1.006479e+04
1.006834e+04 1.008765e+04 1.008615e+04 1.006984e+04
1.004514e+04 1.008883e+04 1.008727e+04 1.004670e+04
1.004608e+04 1.009050e+04 1.008983e+04 1.004676e+04
1.007145e+04 1.009114e+04 1.009064e+04 1.007195e+04
1.007035e+04 1.009767e+04 1.009842e+04 1.006961e+04
1.010216e+04 1.012633e+04 1.013924e+04 1.008925e+04
1.012807e+04 1.013323e+04 1.015191e+04 1.010939e+04
1.016123e+04 1.011898e+04 1.013242e+04 1.014779e+04
1.015798e+04 1.011933e+04 1.013170e+04 1.014560e+04
1.014858e+04 1.012963e+04 1.015131e+04 1.012690e+04
1.013136e+04 1.010543e+04 1.010350e+04 1.013329e+04
1.011992e+04 1.009435e+04 1.007763e+04 1.013663e+04
1.013623e+04 1.008931e+04 1.008970e+04 1.013583e+04
1.010969e+04 1.009816e+04 1.008787e+04 1.011999e+04
1.005380e+04 1.009911e+04 1.008836e+04 1.006455e+04
1.007775e+04 1.010175e+04 1.008675e+04 1.009275e+04
1.007664e+04 1.010289e+04 1.008059e+04 1.009895e+04
1.014397e+04 1.011023e+04 1.010608e+04 1.014813e+04
1.012374e+04 1.012360e+04 1.014681e+04 1.010053e+04
1.014270e+04 1.010598e+04 1.009891e+04 1.014977e+04
1.008535e+04 1.009903e+04 1.008175e+04 1.010263e+04
1.004649e+04 1.009784e+04 1.008312e+04 1.006121e+04
1.008609e+04 1.009329e+04 1.009902e+04 1.008037e+04
1.008842e+04 1.010059e+04 1.009368e+04 1.009533e+04
1.009643e+04 1.010067e+04 1.009167e+04 1.010543e+04
1.003578e+04 1.010298e+04 1.008440e+04 1.005435e+04
1.012423e+04 1.009508e+04 1.009336e+04 1.012595e+04
1.009562e+04 1.009324e+04 1.010013e+04 1.008873e+04
1.013484e+04 1.009365e+04 1.010057e+04 1.012792e+04
1.011259e+04 1.009410e+04 1.009819e+04 1.010850e+04
1.014377e+04 1.011653e+04 1.012894e+04 1.013136e+04
1.014313e+04 1.012016e+04 1.013669e+04 1.012660e+04
1.011946e+04 1.009576e+04 1.010074e+04 1.011448e+04
1.013935e+04 1.012071e+04 1.013465e+04 1.012541e+04
1.010315e+04 1.011936e+04 1.013370e+04 1.008881e+04
1.010824e+04 1.012816e+04 1.015260e+04 1.008379e+04
1.010088e+04 1.010503e+04 1.009517e+04 1.011074e+04
1.007430e+04 1.009625e+04 1.007976e+04 1.009080e+04
1.008441e+04 1.009779e+04 1.007868e+04 1.010352e+04
1.008455e+04 1.009246e+04 1.009406e+04 1.008295e+04
1.011030e+04 1.009731e+04 1.009371e+04 1.011390e+04
1.009109e+04 1.009922e+04 1.009055e+04 1.009976e+04
1.008957e+04 1.010238e+04 1.007867e+04 1.011329e+04
1.015240e+04 1.012418e+04 1.013024e+04 1.014634e+04
1.014187e+04 1.011255e+04 1.012830e+04 1.012612e+04
1.013102e+04 1.009170e+04 1.010364e+04 1.011908e+04
1.006483e+04 1.009744e+04 1.008302e+04 1.007925e+04
1.004517e+04 1.009789e+04 1.008144e+04 1.006162e+04
1.007371e+04 1.009891e+04 1.007993e+04 1.009269e+04
1.009472e+04 1.009185e+04 1.009269e+04 1.009388e+04
1.009001e+04 1.009605e+04 1.009082e+04 1.009523e+04
1.007529e+04 1.009921e+04 1.008378e+04 1.009073e+04
1.015389e+04 1.012915e+04 1.014046e+04 1.014258e+04
1.013254e+04 1.012951e+04 1.015007e+04 1.011198e+04
1.018453e+04 1.011548e+04 1.012933e+04 1.017068e+04
1.017891e+04 1.012301e+04 1.013747e+04 1.016446e+04
1.010833e+04 1.012805e+04 1.014592e+04 1.009046e+04
1.008094e+04 1.010232e+04 1.011041e+04 1.007285e+04
1.008169e+04 1.008649e+04 1.008618e+04 1.008200e+04
1.007709e+04 1.008623e+04 1.008735e+04 1.007597e+04
1.011031e+04 1.009411e+04 1.008324e+04 1.012118e+04
1.004472e+04 1.009651e+04 1.008123e+04 1.005999e+04
1.004782e+04 1.009938e+04 1.007212e+04 1.007507e+04
1.001680e+04 1.009081e+04 1.008137e+04 1.002624e+04
1.007885e+04 1.008954e+04 1.009014e+04 1.007825e+04
1.006456e+04 1.009657e+04 1.007381e+04 1.008733e+04
1.014445e+04 1.012511e+04 1.012882e+04 1.014074e+04
1.016500e+04 1.010362e+04 1.011053e+04 1.015809e+04
1.011996e+04 1.008585e+04 1.008241e+04 1.012340e+04
1.012958e+04 1.012123e+04 1.012993e+04 1.012089e+04
1.011072e+04 1.011944e+04 1.012893e+04 1.010123e+04
1.012309e+04 1.011091e+04 1.011549e+04 1.011852e+04
1.012977e+04 1.012070e+04 1.013023e+04 1.012024e+04
1.007016e+04 1.008817e+04 1.008614e+04 1.007219e+04
