9.529897e+03 9.557702e+03 9.550209e+03 9.537391e+03
9.579256e+03 9.556107e+03 9.548413e+03 9.586950e+03
9.513455e+03 9.554503e+03 9.546974e+03 9.520984e+03
9.518760e+03 9.552892e+03 9.552489e+03 9.519163e+03
9.607486e+03 9.551298e+03 9.575040e+03 9.583744e+03
9.521356e+03 9.549762e+03 9.543760e+03 9.527358e+03
9.545822e+03 9.548243e+03 9.547068e+03 9.546996e+03
9.581584e+03 9.546727e+03 9.565223e+03 9.563088e+03
9.535880e+03 9.545245e+03 9.538211e+03 9.542913e+03
9.581357e+03 9.543811e+03 9.548433e+03 9.576735e+03
9.555349e+03 9.542418e+03 9.556727e+03 9.541041e+03
9.533948e+03 9.541091e+03 9.534417e+03 9.540621e+03
9.581982e+03 9.576726e+03 9.569785e+03 9.588923e+03
9.595611e+03 9.581625e+03 9.570025e+03 9.607211e+03
9.514009e+03 9.540369e+03 9.533776e+03 9.520603e+03
9.560511e+03 9.531005e+03 9.552744e+03 9.538773e+03
9.525130e+03 9.542945e+03 9.554584e+03 9.513491e+03
9.598060e+03 9.591616e+03 9.581554e+03 9.608122e+03
9.536679e+03 9.544072e+03 9.531298e+03 9.549454e+03
9.571595e+03 9.551185e+03 9.547621e+03 9.575159e+03
9.552545e+03 9.580156e+03 9.578578e+03 9.554122e+03
9.597247e+03 9.600083e+03 9.594529e+03 9.602801e+03
9.562632e+03 9.584208e+03 9.575776e+03 9.571064e+03
9.523970e+03 9.571146e+03 9.566039e+03 9.529076e+03
9.585614e+03 9.590568e+03 9.586723e+03 9.589458e+03
9.607439e+03 9.538911e+03 9.556216e+03 9.590134e+03
9.542637e+03 9.523797e+03 9.540305e+03 9.526129e+03
9.581538e+03 9.526262e+03 9.545834e+03 9.561966e+03
9.513096e+03 9.530097e+03 9.522919e+03 9.520274e+03
9.545739e+03 9.554262e+03 9.548597e+03 9.551403e+03
9.594549e+03 9.582897e+03 9.573711e+03 9.603735e+03
9.514519e+03 9.538300e+03 9.527000e+03 9.525818e+03
9.516242e+03 9.527083e+03 9.520178e+03 9.523146e+03
9.522324e+03 9.529072e+03 9.523246e+03 9.528151e+03
9.476040e+03 9.531949e+03 9.525795e+03 9.482194e+03
9.506183e+03 9.533128e+03 9.527441e+03 9.511870e+03
9.536748e+03 9.544070e+03 9.542275e+03 9.538543e+03
9.568458e+03 9.591569e+03 9.589353e+03 9.570674e+03
9.572417e+03 9.603138e+03 9.594070e+03 9.581485e+03
9.588440e+03 9.579771e+03 9.569458e+03 9.598753e+03
9.584881e+03 9.580509e+03 9.573553e+03 9.591837e+03
9.589137e+03 9.597715e+03 9.589370e+03 9.597481e+03
9.549382e+03 9.548752e+03 9.555628e+03 9.542506e+03
9.579446e+03 9.529096e+03 9.535890e+03 9.572652e+03
9.528902e+03 9.530892e+03 9.523203e+03 9.536591e+03
9.578012e+03 9.535395e+03 9.551541e+03 9.561867e+03
9.542691e+03 9.537593e+03 9.549558e+03 9.530727e+03
9.540255e+03 9.538415e+03 9.558056e+03 9.520614e+03
9.510149e+03 9.538878e+03 9.557754e+03 9.491273e+03
9.608875e+03 9.561874e+03 9.558597e+03 9.612153e+03
9.553721e+03 9.590427e+03 9.578292e+03 9.565856e+03
9.579716e+03 9.545915e+03 9.563260e+03 9.562371e+03
9.567495e+03 9.534705e+03 9.548277e+03 9.553923e+03
9.529903e+03 9.536655e+03 9.539813e+03 9.526744e+03
9.525888e+03 9.539420e+03 9.527932e+03 9.537377e+03
9.542701e+03 9.540402e+03 9.554647e+03 9.528456e+03
9.571947e+03 9.540599e+03 9.551755e+03 9.560791e+03
9.504672e+03 9.540624e+03 9.554252e+03 9.491044e+03
9.578669e+03 9.540576e+03 9.525769e+03 9.593475e+03
9.538988e+03 9.540490e+03 9.525189e+03 9.554289e+03
9.550915e+03 9.540376e+03 9.528129e+03 9.563162e+03
9.545326e+03 9.540242e+03 9.532936e+03 9.552631e+03
9.565524e+03 9.576981e+03 9.570428e+03 9.572077e+03
9.565120e+03 9.582895e+03 9.569337e+03 9.578679e+03
9.533072e+03 9.542536e+03 9.532377e+03 9.543231e+03
9.587428e+03 9.583758e+03 9.576948e+03 9.594238e+03
9.537812e+03 9.581516e+03 9.572293e+03 9.547036e+03
9.565341e+03 9.596053e+03 9.587853e+03 9.573541e+03
9.559790e+03 9.543240e+03 9.560871e+03 9.542160e+03
9.512824e+03 9.530917e+03 9.543575e+03 9.500166e+03
9.547347e+03 9.533690e+03 9.543445e+03 9.537592e+03
9.523217e+03 9.536896e+03 9.525476e+03 9.534637e+03
9.543733e+03 9.537846e+03 9.546066e+03 9.535514e+03
9.531595e+03 9.537854e+03 9.551600e+03 9.517849e+03
9.564489e+03 9.537647e+03 9.560194e+03 9.541941e+03
9.592118e+03 9.587175e+03 9.577661e+03 9.601632e+03
9.572804e+03 9.572040e+03 9.552233e+03 9.592611e+03
9.558819e+03 9.537030e+03 9.526949e+03 9.568901e+03
9.563217e+03 9.530955e+03 9.554301e+03 9.539871e+03
9.504947e+03 9.533439e+03 9.547919e+03 9.490468e+03
9.542007e+03 9.535214e+03 9.545346e+03 9.531874e+03
9.511511e+03 9.535480e+03 9.524592e+03 9.522399e+03
9.556315e+03 9.535261e+03 9.544405e+03 9.547170e+03
9.562584e+03 9.538006e+03 9.551111e+03 9.549480e+03
9.616729e+03 9.596576e+03 9.589723e+03 9.623582e+03
9.575904e+03 9.598904e+03 9.584919e+03 9.589889e+03
9.586312e+03 9.574967e+03 9.564370e+03 9.596909e+03
9.603023e+03 9.586709e+03 9.580221e+03 9.609511e+03
9.573511e+03 9.594729e+03 9.583636e+03 9.584604e+03
9.512805e+03 9.552053e+03 9.538231e+03 9.526628e+03
9.524416e+03 9.525746e+03 9.516124e+03 9.534037e+03
9.517201e+03 9.525186e+03 9.522147e+03 9.520240e+03
9.554739e+03 9.528916e+03 9.545392e+03 9.538263e+03
9.508157e+03 9.530460e+03 9.549615e+03 9.489001e+03
9.557729e+03 9.530399e+03 9.552653e+03 9.535475e+03
9.470747e+03 9.529852e+03 9.522614e+03 9.477985e+03
9.524254e+03 9.529158e+03 9.529256e+03 9.524156e+03
9.568148e+03 9.528384e+03 9.554812e+03 9.541720e+03
9.572622e+03 9.586234e+03 9.582308e+03 9.576547e+03
9.587007e+03 9.553866e+03 9.540154e+03 9.600719e+03
9.544531e+03 9.523967e+03 9.521227e+03 9.547271e+03
9.609725e+03 9.581487e+03 9.582856e+03 9.608356e+03
9.545828e+03 9.577978e+03 9.573618e+03 9.550188e+03
9.562796e+03 9.563546e+03 9.561611e+03 9.564731e+03
9.576102e+03 9.579377e+03 9.574447e+03 9.581032e+03
9.497882e+03 9.525282e+03 9.514852e+03 9.508312e+03
