9.903098e+03 9.857358e+03 9.870957e+03 9.889499e+03
9.870970e+03 9.855819e+03 9.869236e+03 9.857552e+03
9.868099e+03 9.854314e+03 9.867804e+03 9.854609e+03
9.846275e+03 9.853905e+03 9.871208e+03 9.828973e+03
9.842775e+03 9.873016e+03 9.834583e+03 9.881208e+03
9.760061e+03 9.855248e+03 9.848205e+03 9.767103e+03
9.906269e+03 9.850900e+03 9.861404e+03 9.895764e+03
9.806495e+03 9.865940e+03 9.832352e+03 9.840083e+03
9.917739e+03 9.849170e+03 9.848094e+03 9.918815e+03
9.847438e+03 9.851094e+03 9.850350e+03 9.848182e+03
9.777414e+03 9.860203e+03 9.828268e+03 9.809349e+03
9.906250e+03 9.844524e+03 9.847845e+03 9.902929e+03
9.960152e+03 9.871972e+03 9.902300e+03 9.929824e+03
9.904958e+03 9.877021e+03 9.897822e+03 9.884158e+03
9.729068e+03 9.842206e+03 9.849481e+03 9.721793e+03
9.854573e+03 9.851844e+03 9.818431e+03 9.887986e+03
9.813377e+03 9.857197e+03 9.838527e+03 9.832047e+03
9.934031e+03 9.887482e+03 9.907639e+03 9.913874e+03
9.834758e+03 9.844261e+03 9.850630e+03 9.828389e+03
9.924592e+03 9.851497e+03 9.869517e+03 9.906572e+03
9.889185e+03 9.877469e+03 9.905363e+03 9.861291e+03
9.842555e+03 9.895053e+03 9.922795e+03 9.814813e+03
9.853197e+03 9.881361e+03 9.898516e+03 9.836042e+03
9.787600e+03 9.870066e+03 9.887422e+03 9.770243e+03
9.918212e+03 9.886972e+03 9.911378e+03 9.893806e+03
9.876705e+03 9.859469e+03 9.818268e+03 9.917907e+03
9.830889e+03 9.844806e+03 9.805285e+03 9.870409e+03
9.807230e+03 9.851254e+03 9.799272e+03 9.859213e+03
9.883988e+03 9.835960e+03 9.830504e+03 9.889444e+03
9.918047e+03 9.852636e+03 9.876090e+03 9.894592e+03
9.868767e+03 9.878473e+03 9.901841e+03 9.845399e+03
9.795323e+03 9.840827e+03 9.839909e+03 9.796241e+03
9.843397e+03 9.831380e+03 9.831959e+03 9.842819e+03
9.750107e+03 9.833053e+03 9.836312e+03 9.746848e+03
9.860072e+03 9.835403e+03 9.839884e+03 9.855591e+03
9.826279e+03 9.836251e+03 9.842695e+03 9.819835e+03
9.871569e+03 9.845553e+03 9.862884e+03 9.854238e+03
9.815495e+03 9.886604e+03 9.921359e+03 9.780740e+03
9.950947e+03 9.896419e+03 9.925840e+03 9.921527e+03
9.960037e+03 9.875881e+03 9.896069e+03 9.939849e+03
9.904303e+03 9.876280e+03 9.903029e+03 9.877554e+03
9.914984e+03 9.890976e+03 9.921643e+03 9.884318e+03
9.863115e+03 9.861049e+03 9.839448e+03 9.884716e+03
9.844330e+03 9.845855e+03 9.811085e+03 9.879100e+03
9.868724e+03 9.833187e+03 9.840849e+03 9.861062e+03
9.807313e+03 9.851331e+03 9.830687e+03 9.827957e+03
9.827540e+03 9.852342e+03 9.831082e+03 9.848800e+03
9.829298e+03 9.858033e+03 9.825765e+03 9.861565e+03
9.804631e+03 9.860435e+03 9.819981e+03 9.845085e+03
9.841049e+03 9.865156e+03 9.869987e+03 9.836218e+03
9.857420e+03 9.880889e+03 9.920322e+03 9.817987e+03
9.957953e+03 9.863827e+03 9.832604e+03 9.989176e+03
9.853689e+03 9.853713e+03 9.817065e+03 9.890338e+03
9.843693e+03 9.849901e+03 9.824581e+03 9.869013e+03
9.787180e+03 9.837872e+03 9.855141e+03 9.769911e+03
9.871942e+03 9.854289e+03 9.838694e+03 9.887537e+03
9.819297e+03 9.854348e+03 9.835596e+03 9.838049e+03
9.843486e+03 9.859695e+03 9.822104e+03 9.881078e+03
9.870816e+03 9.841403e+03 9.844705e+03 9.867514e+03
9.925551e+03 9.837182e+03 9.856809e+03 9.905924e+03
9.946377e+03 9.838188e+03 9.856874e+03 9.927691e+03
9.829109e+03 9.839314e+03 9.859935e+03 9.808488e+03
9.949923e+03 9.871685e+03 9.904712e+03 9.916896e+03
9.905604e+03 9.876944e+03 9.900769e+03 9.881780e+03
9.856715e+03 9.841925e+03 9.856291e+03 9.842349e+03
9.976183e+03 9.877752e+03 9.912047e+03 9.941888e+03
9.941521e+03 9.875817e+03 9.905524e+03 9.911815e+03
9.787578e+03 9.888455e+03 9.922886e+03 9.753148e+03
9.828339e+03 9.863054e+03 9.824563e+03 9.866830e+03
9.851934e+03 9.849295e+03 9.814801e+03 9.886428e+03
9.742774e+03 9.851367e+03 9.816318e+03 9.777824e+03
9.774879e+03 9.837283e+03 9.847191e+03 9.764971e+03
9.870293e+03 9.848028e+03 9.840886e+03 9.877435e+03
9.883213e+03 9.852471e+03 9.833709e+03 9.901975e+03
9.823249e+03 9.859915e+03 9.821974e+03 9.861189e+03
9.912396e+03 9.883970e+03 9.902860e+03 9.893507e+03
9.844755e+03 9.865083e+03 9.887032e+03 9.822806e+03
9.846935e+03 9.835459e+03 9.853440e+03 9.828953e+03
9.817053e+03 9.852032e+03 9.819354e+03 9.849731e+03
9.748143e+03 9.851731e+03 9.819753e+03 9.780121e+03
9.838267e+03 9.853149e+03 9.817093e+03 9.874322e+03
9.814163e+03 9.836641e+03 9.844129e+03 9.806675e+03
9.804370e+03 9.846491e+03 9.836673e+03 9.814188e+03
9.848408e+03 9.852368e+03 9.835884e+03 9.864892e+03
9.904435e+03 9.890466e+03 9.923578e+03 9.871323e+03
9.989208e+03 9.890061e+03 9.922769e+03 9.956500e+03
9.951417e+03 9.870323e+03 9.894452e+03 9.927288e+03
9.940195e+03 9.881519e+03 9.911706e+03 9.910008e+03
9.872960e+03 9.888915e+03 9.912984e+03 9.848891e+03
9.826224e+03 9.852067e+03 9.855553e+03 9.822738e+03
9.875872e+03 9.829405e+03 9.829031e+03 9.876246e+03
9.795579e+03 9.829108e+03 9.836541e+03 9.788146e+03
9.909763e+03 9.845402e+03 9.824004e+03 9.931161e+03
9.795910e+03 9.850127e+03 9.818504e+03 9.827532e+03
9.742030e+03 9.856819e+03 9.801211e+03 9.797639e+03
9.772436e+03 9.837228e+03 9.824601e+03 9.785063e+03
9.847997e+03 9.834657e+03 9.838500e+03 9.844155e+03
9.677110e+03 9.851389e+03 9.816933e+03 9.711566e+03
9.943795e+03 9.886643e+03 9.897255e+03 9.933183e+03
9.907892e+03 9.854096e+03 9.856729e+03 9.905259e+03
9.833608e+03 9.828868e+03 9.833677e+03 9.828800e+03
9.968736e+03 9.880182e+03 9.905850e+03 9.943069e+03
9.860848e+03 9.877890e+03 9.890061e+03 9.848676e+03
9.883230e+03 9.865836e+03 9.874365e+03 9.874702e+03
9.952052e+03 9.880071e+03 9.887455e+03 9.944668e+03
9.772892e+03 9.833566e+03 9.810746e+03 9.795711e+03
