9.278819e+03 9.241799e+03
9.286913e+03 9.239546e+03
9.161567e+03 9.238425e+03
9.203854e+03 9.259077e+03
9.355845e+03 9.336502e+03
9.221297e+03 9.239465e+03
9.230293e+03 9.252261e+03
9.345237e+03 9.315046e+03
9.245167e+03 9.231308e+03
9.320500e+03 9.266623e+03
9.263486e+03 9.297373e+03
9.189611e+03 9.231477e+03
9.316174e+03 9.266215e+03
9.300814e+03 9.249775e+03
9.230519e+03 9.222817e+03
9.323804e+03 9.309747e+03
9.233882e+03 9.294757e+03
9.204022e+03 9.268378e+03
9.214265e+03 9.208090e+03
9.244721e+03 9.251013e+03
9.207879e+03 9.287551e+03
9.335521e+03 9.291137e+03
9.259459e+03 9.263292e+03
9.198344e+03 9.263761e+03
9.276222e+03 9.283584e+03
9.331563e+03 9.297709e+03
9.306113e+03 9.284762e+03
9.290045e+03 9.299363e+03
9.265350e+03 9.218517e+03
9.240570e+03 9.248815e+03
9.304553e+03 9.260476e+03
9.160341e+03 9.205781e+03
9.249644e+03 9.212501e+03
9.291486e+03 9.219120e+03
9.165372e+03 9.220885e+03
9.159973e+03 9.224220e+03
9.293752e+03 9.251469e+03
9.267696e+03 9.297790e+03
9.279670e+03 9.281592e+03
9.344668e+03 9.253264e+03
9.258278e+03 9.268088e+03
9.279405e+03 9.276402e+03
9.319259e+03 9.273665e+03
9.336396e+03 9.258780e+03
9.285879e+03 9.215012e+03
9.241455e+03 9.296312e+03
9.241132e+03 9.285045e+03
9.366289e+03 9.310508e+03
9.249858e+03 9.311068e+03
9.308275e+03 9.264949e+03
9.234377e+03 9.258037e+03
9.238869e+03 9.305512e+03
9.196955e+03 9.286802e+03
9.304362e+03 9.256660e+03
9.194543e+03 9.210993e+03
9.252077e+03 9.294647e+03
9.348246e+03 9.285171e+03
9.242894e+03 9.293935e+03
9.250531e+03 9.202048e+03
9.163149e+03 9.199564e+03
9.199357e+03 9.209127e+03
9.198651e+03 9.227949e+03
9.391221e+03 9.267758e+03
9.150322e+03 9.244916e+03
9.198335e+03 9.218247e+03
9.293394e+03 9.273458e+03
9.275117e+03 9.261280e+03
9.247427e+03 9.274359e+03
9.322398e+03 9.303170e+03
9.264054e+03 9.279914e+03
9.180407e+03 9.275069e+03
9.172898e+03 9.209047e+03
9.265740e+03 9.272570e+03
9.257287e+03 9.290505e+03
9.346451e+03 9.323698e+03
9.278072e+03 9.268763e+03
9.194585e+03 9.212735e+03
9.243581e+03 9.208750e+03
9.344117e+03 9.314154e+03
9.338311e+03 9.289406e+03
9.317252e+03 9.277496e+03
9.186726e+03 9.209017e+03
9.364805e+03 9.273135e+03
9.274131e+03 9.294295e+03
9.295396e+03 9.288522e+03
9.309414e+03 9.260662e+03
9.251769e+03 9.248243e+03
9.274350e+03 9.275890e+03
9.230548e+03 9.264743e+03
9.130683e+03 9.210395e+03
9.227641e+03 9.200954e+03
9.187556e+03 9.223579e+03
9.315252e+03 9.290648e+03
9.249015e+03 9.300843e+03
9.359191e+03 9.311587e+03
9.142923e+03 9.215696e+03
9.303635e+03 9.237283e+03
9.310899e+03 9.327042e+03
9.369630e+03 9.285025e+03
9.173377e+03 9.213267e+03
9.251373e+03 9.225709e+03
9.239578e+03 9.298803e+03
9.308891e+03 9.271071e+03
9.260440e+03 9.265996e+03
9.266548e+03 9.269035e+03
9.219739e+03 9.191435e+03
