9.984229e+03 1.004998e+04 1.004493e+04 9.989278e+03
1.014613e+04 1.004938e+04 1.004548e+04 1.015003e+04
1.001708e+04 1.004881e+04 1.004509e+04 1.002080e+04
9.970604e+03 1.004889e+04 1.002822e+04 9.991279e+03
1.009187e+04 1.006071e+04 1.006190e+04 1.009067e+04
1.006222e+04 1.005034e+04 1.006975e+04 1.004281e+04
1.005233e+04 1.004804e+04 1.003853e+04 1.006184e+04
1.003208e+04 1.005740e+04 1.006422e+04 1.002525e+04
1.003958e+04 1.004762e+04 1.006360e+04 1.002360e+04
1.003890e+04 1.004907e+04 1.004386e+04 1.004411e+04
1.010077e+04 1.005483e+04 1.006908e+04 1.008652e+04
1.014061e+04 1.004568e+04 1.007562e+04 1.011067e+04
1.010249e+04 1.005485e+04 1.004375e+04 1.011359e+04
1.004423e+04 1.005688e+04 1.002598e+04 1.007513e+04
1.004808e+04 1.004444e+04 1.002811e+04 1.006441e+04
1.003905e+04 1.005216e+04 1.006123e+04 1.002997e+04
1.006092e+04 1.005292e+04 1.008739e+04 1.002645e+04
1.003007e+04 1.006111e+04 1.004296e+04 1.004822e+04
1.005113e+04 1.004491e+04 1.004465e+04 1.005139e+04
1.002045e+04 1.004779e+04 1.005199e+04 1.001625e+04
1.001424e+04 1.005745e+04 1.004225e+04 1.002944e+04
1.010645e+04 1.006392e+04 1.002698e+04 1.014339e+04
1.003957e+04 1.005895e+04 1.002925e+04 1.006927e+04
1.004549e+04 1.005485e+04 1.004086e+04 1.005948e+04
1.002783e+04 1.006102e+04 1.001047e+04 1.007838e+04
1.005130e+04 1.005511e+04 1.004456e+04 1.006186e+04
1.007264e+04 1.004941e+04 1.007037e+04 1.005168e+04
1.004137e+04 1.005278e+04 1.009120e+04 1.000295e+04
1.014155e+04 1.004279e+04 1.008483e+04 1.009951e+04
1.005088e+04 1.004785e+04 1.005660e+04 1.004212e+04
1.001094e+04 1.005749e+04 1.002871e+04 1.003972e+04
9.990684e+03 1.004403e+04 1.004416e+04 9.990555e+03
1.006333e+04 1.004066e+04 1.005790e+04 1.004609e+04
1.004663e+04 1.004126e+04 1.005958e+04 1.002831e+04
1.002004e+04 1.004208e+04 1.005813e+04 1.000399e+04
1.013308e+04 1.004235e+04 1.005877e+04 1.011665e+04
1.008255e+04 1.004569e+04 1.006099e+04 1.006724e+04
1.002350e+04 1.006059e+04 1.003938e+04 1.004470e+04
1.000607e+04 1.006411e+04 1.002275e+04 1.004743e+04
1.002793e+04 1.005657e+04 1.003145e+04 1.005306e+04
1.002580e+04 1.005666e+04 1.003733e+04 1.004513e+04
9.978729e+03 1.006195e+04 1.000995e+04 1.003073e+04
1.008887e+04 1.005404e+04 1.003511e+04 1.010780e+04
1.005746e+04 1.004895e+04 1.007767e+04 1.002874e+04
9.994657e+03 1.004096e+04 1.005757e+04 9.978049e+03
1.003199e+04 1.005094e+04 1.005571e+04 1.002722e+04
1.008271e+04 1.005110e+04 1.006166e+04 1.007215e+04
1.003041e+04 1.005435e+04 1.006263e+04 1.002213e+04
1.011170e+04 1.005570e+04 1.008573e+04 1.008167e+04
1.011831e+04 1.005381e+04 1.007673e+04 1.009539e+04
1.003685e+04 1.005739e+04 1.001242e+04 1.008182e+04
1.006322e+04 1.005629e+04 1.003684e+04 1.008268e+04
1.013011e+04 1.005252e+04 1.007322e+04 1.010940e+04
1.006928e+04 1.004983e+04 1.008247e+04 1.003664e+04
1.000508e+04 1.004202e+04 1.004998e+04 9.997127e+03
1.002808e+04 1.005169e+04 1.004949e+04 1.003028e+04
1.006209e+04 1.005169e+04 1.005832e+04 1.005545e+04
1.011295e+04 1.005490e+04 1.007902e+04 1.008883e+04
1.007274e+04 1.004391e+04 1.007204e+04 1.004460e+04
1.003541e+04 1.004139e+04 1.005124e+04 1.002556e+04
1.002760e+04 1.004202e+04 1.004739e+04 1.002223e+04
1.008198e+04 1.004272e+04 1.005491e+04 1.006979e+04
1.004177e+04 1.005462e+04 1.004059e+04 1.005580e+04
1.003544e+04 1.005657e+04 1.002618e+04 1.006582e+04
1.002151e+04 1.004382e+04 1.005021e+04 1.001512e+04
9.992711e+03 1.005688e+04 1.003758e+04 1.001201e+04
1.007240e+04 1.005617e+04 1.003439e+04 1.009419e+04
9.947565e+03 1.006078e+04 1.000148e+04 1.000686e+04
1.002955e+04 1.005638e+04 1.004128e+04 1.004465e+04
1.001718e+04 1.005064e+04 1.007171e+04 9.996108e+03
1.011252e+04 1.005132e+04 1.008499e+04 1.007884e+04
1.012334e+04 1.004219e+04 1.005978e+04 1.010575e+04
1.006742e+04 1.004845e+04 1.004817e+04 1.006770e+04
1.004614e+04 1.005112e+04 1.005380e+04 1.004346e+04
1.009873e+04 1.005564e+04 1.008913e+04 1.006524e+04
1.005333e+04 1.005991e+04 1.006020e+04 1.005305e+04
1.004829e+04 1.005167e+04 1.003115e+04 1.006882e+04
1.001635e+04 1.004107e+04 1.002444e+04 1.003298e+04
1.011778e+04 1.005228e+04 1.005454e+04 1.011552e+04
1.000996e+04 1.005159e+04 1.007224e+04 9.989309e+03
1.007595e+04 1.005208e+04 1.008376e+04 1.004427e+04
1.004212e+04 1.004210e+04 1.006005e+04 1.002416e+04
1.003426e+04 1.004806e+04 1.005093e+04 1.003139e+04
1.007698e+04 1.005103e+04 1.008237e+04 1.004564e+04
1.006169e+04 1.006188e+04 1.005020e+04 1.007337e+04
1.000125e+04 1.006116e+04 1.002165e+04 1.004076e+04
1.001125e+04 1.005422e+04 1.003184e+04 1.003363e+04
9.966344e+03 1.005853e+04 1.003297e+04 9.991909e+03
1.007872e+04 1.006133e+04 1.002177e+04 1.011828e+04
1.004591e+04 1.004796e+04 1.003611e+04 1.005776e+04
1.002946e+04 1.003975e+04 1.005491e+04 1.001430e+04
1.013685e+04 1.003969e+04 1.004856e+04 1.012798e+04
1.002975e+04 1.004871e+04 1.005539e+04 1.002307e+04
1.015967e+04 1.005124e+04 1.006261e+04 1.014830e+04
1.001091e+04 1.005527e+04 1.008815e+04 9.978026e+03
1.003924e+04 1.004361e+04 1.007991e+04 1.000294e+04
1.001721e+04 1.004220e+04 1.004584e+04 1.001358e+04
1.004139e+04 1.005242e+04 1.008185e+04 1.001196e+04
1.004439e+04 1.006171e+04 1.005744e+04 1.004866e+04
1.001549e+04 1.004881e+04 1.004041e+04 1.002388e+04
1.011986e+04 1.003979e+04 1.006365e+04 1.009600e+04
1.007978e+04 1.005880e+04 1.004286e+04 1.009573e+04
1.005188e+04 1.005815e+04 1.003448e+04 1.007555e+04
1.003684e+04 1.005387e+04 1.004474e+04 1.004597e+04
1.000568e+04 1.005917e+04 1.003169e+04 1.003317e+04
1.007478e+04 1.004235e+04 1.004559e+04 1.007154e+04
