9.836864e+03 9.854412e+03
9.883685e+03 9.852610e+03
9.815798e+03 9.851177e+03
9.825207e+03 9.856845e+03
9.904168e+03 9.873929e+03
9.817784e+03 9.846142e+03
9.857101e+03 9.850859e+03
9.873011e+03 9.864675e+03
9.842189e+03 9.841147e+03
9.883190e+03 9.851101e+03
9.851372e+03 9.856433e+03
9.842454e+03 9.836890e+03
9.887807e+03 9.874395e+03
9.902604e+03 9.875660e+03
9.814289e+03 9.838522e+03
9.856573e+03 9.852037e+03
9.829225e+03 9.854074e+03
9.911201e+03 9.886220e+03
9.849584e+03 9.835883e+03
9.876742e+03 9.851232e+03
9.855066e+03 9.882642e+03
9.900293e+03 9.899654e+03
9.857302e+03 9.880838e+03
9.821909e+03 9.870262e+03
9.888689e+03 9.892361e+03
9.908252e+03 9.856502e+03
9.847273e+03 9.839562e+03
9.882811e+03 9.843492e+03
9.812440e+03 9.824809e+03
9.858277e+03 9.852348e+03
9.905928e+03 9.879042e+03
9.814380e+03 9.831276e+03
9.816141e+03 9.823439e+03
9.815327e+03 9.826388e+03
9.775193e+03 9.829064e+03
9.808230e+03 9.830683e+03
9.834817e+03 9.845289e+03
9.869364e+03 9.893773e+03
9.877979e+03 9.899785e+03
9.899087e+03 9.874699e+03
9.892329e+03 9.878357e+03
9.893927e+03 9.895641e+03
9.853910e+03 9.857907e+03
9.885380e+03 9.835914e+03
9.846267e+03 9.826740e+03
9.878177e+03 9.851985e+03
9.834336e+03 9.850134e+03
9.843148e+03 9.857515e+03
9.816578e+03 9.856015e+03
9.910981e+03 9.860676e+03
9.857033e+03 9.885080e+03
9.891393e+03 9.864147e+03
9.864983e+03 9.847758e+03
9.824310e+03 9.840224e+03
9.826774e+03 9.832440e+03
9.844630e+03 9.855693e+03
9.872342e+03 9.852627e+03
9.800104e+03 9.853425e+03
9.879439e+03 9.829232e+03
9.842040e+03 9.830088e+03
9.858975e+03 9.832869e+03
9.849293e+03 9.836882e+03
9.872636e+03 9.875214e+03
9.874219e+03 9.875239e+03
9.839849e+03 9.836657e+03
9.888729e+03 9.881920e+03
9.842146e+03 9.877538e+03
9.861458e+03 9.894600e+03
9.864567e+03 9.861337e+03
9.811006e+03 9.843281e+03
9.844817e+03 9.842818e+03
9.824274e+03 9.829339e+03
9.854983e+03 9.848013e+03
9.839876e+03 9.852421e+03
9.864864e+03 9.857996e+03
9.899384e+03 9.881456e+03
9.876556e+03 9.858512e+03
9.865142e+03 9.832508e+03
9.857630e+03 9.853758e+03
9.804261e+03 9.847479e+03
9.842981e+03 9.844708e+03
9.817373e+03 9.828326e+03
9.853755e+03 9.846066e+03
9.857671e+03 9.850748e+03
9.920863e+03 9.894066e+03
9.880416e+03 9.891278e+03
9.902576e+03 9.869735e+03
9.913527e+03 9.885257e+03
9.869328e+03 9.889474e+03
9.816012e+03 9.843223e+03
9.826064e+03 9.819775e+03
9.817343e+03 9.825629e+03
9.861236e+03 9.845810e+03
9.800451e+03 9.849156e+03
9.849041e+03 9.850074e+03
9.764934e+03 9.824546e+03
9.825634e+03 9.832442e+03
9.860630e+03 9.852662e+03
9.884647e+03 9.885444e+03
9.897371e+03 9.844912e+03
9.850970e+03 9.823920e+03
9.909073e+03 9.886531e+03
9.851980e+03 9.877906e+03
9.870363e+03 9.865114e+03
9.879801e+03 9.878792e+03
9.799208e+03 9.818418e+03
