8.347566e+03 8.247639e+03 8.237290e+03 8.357916e+03
8.346353e+03 8.243130e+03 8.230978e+03 8.358505e+03
8.216179e+03 8.238870e+03 8.225871e+03 8.229177e+03
8.063436e+03 8.241526e+03 8.245721e+03 8.059241e+03
8.342810e+03 8.366998e+03 8.409740e+03 8.300068e+03
7.965756e+03 8.260145e+03 8.240344e+03 7.985557e+03
8.311608e+03 8.237710e+03 8.234187e+03 8.315131e+03
8.512738e+03 8.337301e+03 8.365439e+03 8.484601e+03
8.143040e+03 8.236556e+03 8.212735e+03 8.166861e+03
8.368027e+03 8.253329e+03 8.256643e+03 8.364714e+03
8.400195e+03 8.315184e+03 8.330468e+03 8.384912e+03
8.126153e+03 8.220807e+03 8.208580e+03 8.138380e+03
8.248327e+03 8.277838e+03 8.304071e+03 8.222094e+03
8.348293e+03 8.293709e+03 8.283501e+03 8.358501e+03
8.224954e+03 8.208561e+03 8.168668e+03 8.264848e+03
8.364235e+03 8.299635e+03 8.325155e+03 8.338715e+03
8.246201e+03 8.294552e+03 8.329537e+03 8.211216e+03
8.499697e+03 8.327103e+03 8.340881e+03 8.485919e+03
8.021314e+03 8.209469e+03 8.160706e+03 8.070076e+03
8.195264e+03 8.231914e+03 8.240609e+03 8.186569e+03
8.260898e+03 8.301302e+03 8.345184e+03 8.217016e+03
8.293709e+03 8.347265e+03 8.382085e+03 8.258889e+03
8.300381e+03 8.312636e+03 8.313395e+03 8.299622e+03
8.261014e+03 8.283963e+03 8.294418e+03 8.250559e+03
8.449769e+03 8.327302e+03 8.345430e+03 8.431640e+03
8.464874e+03 8.321957e+03 8.317066e+03 8.469765e+03
8.287478e+03 8.278747e+03 8.278819e+03 8.287406e+03
8.407391e+03 8.311327e+03 8.322983e+03 8.395735e+03
8.053537e+03 8.202605e+03 8.175472e+03 8.080671e+03
8.343040e+03 8.229089e+03 8.242568e+03 8.329561e+03
8.420939e+03 8.298714e+03 8.303052e+03 8.416601e+03
8.065043e+03 8.206599e+03 8.149255e+03 8.122387e+03
8.131596e+03 8.183566e+03 8.144183e+03 8.170979e+03
8.262325e+03 8.187633e+03 8.158051e+03 8.291907e+03
7.989436e+03 8.193089e+03 8.165115e+03 8.017410e+03
8.156683e+03 8.194595e+03 8.172043e+03 8.179235e+03
8.353644e+03 8.217605e+03 8.232269e+03 8.338980e+03
8.376926e+03 8.321728e+03 8.378754e+03 8.319900e+03
8.416449e+03 8.345940e+03 8.369906e+03 8.392483e+03
8.213133e+03 8.292554e+03 8.288411e+03 8.217275e+03
8.291955e+03 8.292669e+03 8.313047e+03 8.271577e+03
8.350547e+03 8.329291e+03 8.344425e+03 8.335413e+03
8.127902e+03 8.299937e+03 8.283505e+03 8.144333e+03
8.392847e+03 8.268142e+03 8.248767e+03 8.412222e+03
7.965644e+03 8.182573e+03 8.151875e+03 7.996343e+03
8.304787e+03 8.282147e+03 8.303251e+03 8.283683e+03
8.448625e+03 8.281379e+03 8.292681e+03 8.437323e+03
8.310269e+03 8.314525e+03 8.340760e+03 8.284033e+03
8.188037e+03 8.328147e+03 8.357656e+03 8.158528e+03
8.354953e+03 8.283173e+03 8.301807e+03 8.336319e+03
8.226052e+03 8.289469e+03 8.297947e+03 8.217574e+03
8.317060e+03 8.326638e+03 8.334386e+03 8.309312e+03
8.410469e+03 8.299385e+03 8.303054e+03 8.406800e+03
8.245751e+03 8.269058e+03 8.257599e+03 8.257211e+03
8.119532e+03 8.184362e+03 8.153533e+03 8.150361e+03
8.370066e+03 8.284506e+03 8.304779e+03 8.349794e+03
8.445521e+03 8.284235e+03 8.295842e+03 8.433915e+03
8.219228e+03 8.317818e+03 8.329079e+03 8.207966e+03
8.389552e+03 8.202833e+03 8.158970e+03 8.433414e+03
8.381660e+03 8.176543e+03 8.136812e+03 8.421391e+03
8.129014e+03 8.183244e+03 8.150462e+03 8.161797e+03
8.161795e+03 8.190769e+03 8.182858e+03 8.169706e+03
8.211333e+03 8.275203e+03 8.304179e+03 8.182357e+03
8.289130e+03 8.289096e+03 8.276809e+03 8.301417e+03
7.992966e+03 8.199751e+03 8.172650e+03 8.020067e+03
8.314767e+03 8.291385e+03 8.324262e+03 8.281890e+03
8.157660e+03 8.286485e+03 8.301265e+03 8.142881e+03
8.263616e+03 8.318820e+03 8.332047e+03 8.250389e+03
8.318003e+03 8.330460e+03 8.331211e+03 8.317252e+03
7.963873e+03 8.283883e+03 8.282981e+03 7.964774e+03
8.323134e+03 8.287919e+03 8.287242e+03 8.323810e+03
8.150112e+03 8.188849e+03 8.153896e+03 8.185065e+03
8.297737e+03 8.253400e+03 8.259851e+03 8.291287e+03
8.341055e+03 8.281341e+03 8.296891e+03 8.325505e+03
8.416688e+03 8.328867e+03 8.375809e+03 8.369746e+03
8.338948e+03 8.319426e+03 8.341813e+03 8.316561e+03
8.278294e+03 8.249698e+03 8.207879e+03 8.320113e+03
8.173095e+03 8.176933e+03 8.132757e+03 8.217271e+03
8.325462e+03 8.300984e+03 8.328510e+03 8.297935e+03
8.166372e+03 8.291021e+03 8.301986e+03 8.155407e+03
8.452176e+03 8.294183e+03 8.293956e+03 8.452403e+03
8.119017e+03 8.189410e+03 8.152439e+03 8.155988e+03
8.288084e+03 8.252120e+03 8.258408e+03 8.281795e+03
8.483184e+03 8.280197e+03 8.315792e+03 8.447589e+03
8.527981e+03 8.329780e+03 8.379631e+03 8.478130e+03
8.277779e+03 8.319671e+03 8.326225e+03 8.271225e+03
8.298651e+03 8.273171e+03 8.269383e+03 8.302440e+03
8.299864e+03 8.305508e+03 8.333649e+03 8.271723e+03
8.228293e+03 8.326016e+03 8.329004e+03 8.225306e+03
8.201136e+03 8.232682e+03 8.177102e+03 8.256715e+03
8.231826e+03 8.175479e+03 8.122230e+03 8.285074e+03
8.108418e+03 8.175426e+03 8.150323e+03 8.133521e+03
8.262735e+03 8.265876e+03 8.281947e+03 8.246665e+03
8.093229e+03 8.290599e+03 8.309682e+03 8.074146e+03
8.383401e+03 8.332923e+03 8.350778e+03 8.365546e+03
8.037561e+03 8.211384e+03 8.171686e+03 8.077259e+03
8.073054e+03 8.197456e+03 8.180298e+03 8.090212e+03
8.507673e+03 8.305285e+03 8.358066e+03 8.454893e+03
8.327037e+03 8.339306e+03 8.368691e+03 8.297653e+03
8.461504e+03 8.239563e+03 8.187657e+03 8.513411e+03
8.231513e+03 8.177874e+03 8.159898e+03 8.249488e+03
8.490636e+03 8.314055e+03 8.367078e+03 8.437613e+03
8.203379e+03 8.311022e+03 8.318752e+03 8.195648e+03
8.321908e+03 8.282021e+03 8.289547e+03 8.314382e+03
8.247318e+03 8.320208e+03 8.319232e+03 8.248294e+03
8.037671e+03 8.203176e+03 8.112781e+03 8.128067e+03
