   7.0000000e+00   1.0000000e+00   1.0000000e+00
   1.9000000e+01   1.0000000e+00   1.0000000e+00
   3.1000000e+01   1.0000000e+00   1.0000000e+00
   4.3000000e+01   1.0000000e+00   1.0000000e+00
   5.5000000e+01   1.0000000e+00   1.0000000e+00
   7.3000000e+01   1.0000000e+00   1.0000000e+00
   1.1500000e+02   1.0000000e+00   1.0000000e+00
   1.2700000e+02   1.0000000e+00   1.0000000e+00
   1.3300000e+02   1.0000000e+00   1.0000000e+00
   1.3900000e+02   1.0000000e+00   1.0000000e+00
   1.4500000e+02   1.0000000e+00   1.0000000e+00
   1.8100000e+02   1.0000000e+00   1.0000000e+00
   2.2300000e+02   1.0000000e+00   1.0000000e+00
   2.4100000e+02   1.0000000e+00   1.0000000e+00
   2.4700000e+02   1.0000000e+00   1.0000000e+00
   2.5300000e+02   1.0000000e+00   1.0000000e+00
   2.6500000e+02   1.0000000e+00   1.0000000e+00
   2.9500000e+02   1.0000000e+00   1.0000000e+00
   3.1900000e+02   1.0000000e+00   1.0000000e+00
   3.3700000e+02   1.0000000e+00   1.0000000e+00
   3.7300000e+02   1.0000000e+00   1.0000000e+00
   3.7900000e+02   1.0000000e+00   1.0000000e+00
   3.9700000e+02   1.0000000e+00   1.0000000e+00
   4.1500000e+02   1.0000000e+00   1.0000000e+00
